-1 -1 -1 -1 -1 -1 -1 -1 -1 -1 -1 -1 -1 -1 -1 -1 -1 -1 -1 -1 -1 -1 -1 -1 -1 -1 -1 -1 -1 -1 -1 -1 -1 -1 -1 -1 -1 -1 -1 -1 -1 -1 -1 -1 -1 -1 -1 -1 -1 -1 -1 -1 -1 -1 -1 -1 -1 -1 -1 -1 -1 -1 -1 -1 -1 0 -1 -1 -1 -1 -1 -1 -1 -1 -1 -1 -1 -1 -1 -1 -1 -1 -1 -1 -1 -1 -1 -1 -1 -1 -1 -1 -1 -1 -1 -1 -1 -1 -1 -1 -1 -1 -1 -1 -1 -1 -1 -1 -1 -1 -1 -1 -1 -1 -1 -1 -1 -1 -1 -1 -1 -1 -1 -1 -1 -1 -1 -1 -1 -1 -1 -1 -1 -1 -1 -1 -1 -1 -1 -1 -1 -1 -1 -1
-1 -1 -1 -1 -1 -1 -1 -1 -1 -1 -1 -1 -1 -1 -1 -1 -1 -1 -1 -1 -1 -1 -1 -1 -1 -1 -1 -1 -1 -1 -1 -1 -1 -1 -1 -1 -1 -1 -1 -1 -1 -1 -1 -1 -1 -1 -1 -1 -1 -1 -1 -1 -1 -1 -1 -1 -1 -1 -1 -1 -1 -1 -1 -1 -1 0 1 -1 -1 -1 -1 -1 -1 -1 -1 -1 -1 -1 -1 -1 -1 -1 -1 -1 -1 -1 -1 -1 -1 -1 -1 -1 -1 -1 -1 -1 -1 -1 -1 -1 -1 -1 -1 -1 -1 -1 -1 -1 -1 -1 -1 -1 -1 -1 -1 -1 -1 -1 -1 -1 -1 -1 -1 -1 -1 -1 -1 -1 -1 -1 -1 -1 -1 -1 -1 -1 -1 -1 -1 -1 -1 -1 -1 -1
-1 -1 -1 -1 -1 -1 -1 -1 -1 -1 -1 -1 -1 -1 -1 -1 -1 -1 -1 -1 -1 -1 -1 -1 -1 -1 -1 -1 -1 -1 -1 -1 -1 -1 -1 -1 -1 -1 -1 -1 -1 -1 -1 -1 -1 -1 -1 -1 -1 -1 -1 -1 -1 -1 -1 -1 -1 -1 -1 -1 -1 -1 -1 -1 -1 0 1 -1 -1 -1 -1 -1 -1 -1 -1 -1 -1 2 -1 -1 -1 -1 -1 -1 -1 -1 -1 -1 -1 -1 -1 -1 -1 -1 -1 -1 -1 -1 -1 -1 -1 -1 -1 -1 -1 -1 -1 -1 -1 -1 -1 -1 -1 -1 -1 -1 -1 -1 -1 -1 -1 -1 -1 -1 -1 -1 -1 -1 -1 -1 -1 -1 -1 -1 -1 -1 -1 -1 -1 -1 -1 -1 -1 -1
-1 -1 -1 -1 -1 -1 -1 -1 -1 -1 -1 -1 -1 -1 -1 -1 -1 -1 -1 -1 -1 -1 -1 -1 -1 -1 -1 -1 -1 -1 -1 -1 -1 -1 -1 -1 -1 -1 -1 -1 -1 -1 -1 -1 -1 -1 -1 -1 -1 -1 -1 -1 -1 -1 -1 -1 -1 -1 -1 -1 -1 -1 -1 -1 -1 0 1 -1 -1 -1 -1 -1 -1 -1 -1 -1 -1 2 3 -1 -1 -1 -1 -1 -1 -1 -1 -1 -1 -1 -1 -1 -1 -1 -1 -1 -1 -1 -1 -1 -1 -1 -1 -1 -1 -1 -1 -1 -1 -1 -1 -1 -1 -1 -1 -1 -1 -1 -1 -1 -1 -1 -1 -1 -1 -1 -1 -1 -1 -1 -1 -1 -1 -1 -1 -1 -1 -1 -1 -1 -1 -1 -1 -1
-1 -1 -1 -1 -1 -1 -1 -1 -1 -1 -1 -1 -1 -1 -1 -1 -1 -1 -1 -1 -1 -1 -1 -1 -1 -1 -1 -1 -1 -1 -1 -1 -1 -1 -1 -1 -1 -1 -1 -1 -1 -1 -1 -1 -1 -1 -1 -1 -1 -1 -1 -1 -1 3 -1 -1 -1 -1 -1 -1 -1 -1 -1 -1 -1 0 1 -1 -1 -1 -1 -1 -1 -1 -1 -1 -1 2 3 -1 -1 -1 -1 -1 -1 -1 -1 -1 -1 -1 -1 -1 -1 -1 -1 -1 -1 -1 -1 -1 -1 -1 -1 -1 -1 -1 -1 -1 -1 -1 -1 -1 -1 -1 -1 -1 -1 -1 -1 -1 -1 -1 -1 -1 -1 -1 -1 -1 -1 -1 -1 -1 -1 -1 -1 -1 -1 -1 -1 -1 -1 -1 -1 -1
-1 -1 -1 -1 -1 -1 -1 -1 -1 -1 -1 -1 -1 -1 -1 -1 -1 -1 -1 -1 -1 -1 -1 -1 -1 -1 -1 -1 -1 -1 -1 -1 -1 -1 -1 -1 -1 -1 -1 -1 -1 -1 -1 -1 -1 -1 -1 -1 -1 -1 -1 -1 -1 3 -1 -1 -1 -1 -1 -1 -1 -1 -1 -1 4 0 1 -1 -1 -1 -1 -1 -1 -1 -1 -1 -1 2 3 -1 -1 -1 -1 -1 -1 -1 -1 -1 -1 -1 -1 -1 -1 -1 -1 -1 -1 -1 -1 -1 -1 -1 -1 -1 -1 -1 -1 -1 -1 -1 -1 -1 -1 -1 -1 -1 -1 -1 -1 -1 -1 -1 -1 -1 -1 -1 -1 -1 -1 -1 -1 -1 -1 -1 -1 -1 -1 -1 -1 -1 -1 -1 -1 -1
-1 -1 -1 -1 -1 -1 -1 -1 -1 -1 -1 -1 -1 -1 -1 -1 -1 -1 -1 -1 -1 -1 -1 -1 -1 -1 -1 -1 -1 -1 -1 -1 -1 -1 -1 -1 -1 -1 -1 -1 -1 -1 -1 -1 -1 -1 -1 -1 -1 -1 -1 -1 -1 3 -1 -1 -1 -1 -1 -1 -1 -1 -1 -1 4 0 1 2 -1 -1 -1 -1 -1 -1 -1 -1 -1 2 3 -1 -1 -1 -1 -1 -1 -1 -1 -1 -1 -1 -1 -1 -1 -1 -1 -1 -1 -1 -1 -1 -1 -1 -1 -1 -1 -1 -1 -1 -1 -1 -1 -1 -1 -1 -1 -1 -1 -1 -1 -1 -1 -1 -1 -1 -1 -1 -1 -1 -1 -1 -1 -1 -1 -1 -1 -1 -1 -1 -1 -1 -1 -1 -1 -1
-1 -1 -1 -1 -1 -1 -1 -1 -1 -1 -1 -1 -1 -1 -1 -1 -1 -1 -1 -1 -1 -1 -1 -1 -1 -1 -1 -1 -1 -1 -1 -1 -1 -1 -1 -1 -1 -1 -1 -1 -1 -1 -1 -1 -1 -1 -1 -1 -1 -1 -1 -1 -1 3 -1 -1 -1 -1 -1 -1 -1 -1 -1 -1 4 0 1 2 -1 -1 -1 -1 -1 -1 -1 -1 1 2 3 -1 -1 -1 -1 -1 -1 -1 -1 -1 -1 -1 -1 -1 -1 -1 -1 -1 -1 -1 -1 -1 -1 -1 -1 -1 -1 -1 -1 -1 -1 -1 -1 -1 -1 -1 -1 -1 -1 -1 -1 -1 -1 -1 -1 -1 -1 -1 -1 -1 -1 -1 -1 -1 -1 -1 -1 -1 -1 -1 -1 -1 -1 -1 -1 -1
-1 -1 -1 -1 -1 -1 -1 -1 -1 -1 -1 -1 -1 -1 -1 -1 -1 -1 -1 -1 -1 -1 -1 -1 -1 -1 -1 -1 -1 -1 -1 -1 -1 -1 -1 -1 -1 -1 -1 -1 -1 -1 -1 -1 -1 -1 -1 -1 -1 -1 -1 -1 -1 3 -1 -1 -1 -1 -1 -1 -1 -1 -1 -1 4 0 1 2 -1 -1 -1 -1 -1 -1 -1 -1 1 2 3 -1 -1 -1 -1 -1 -1 -1 -1 -1 -1 -1 0 -1 -1 -1 -1 -1 -1 -1 -1 -1 -1 -1 -1 -1 -1 -1 -1 -1 -1 -1 -1 -1 -1 -1 -1 -1 -1 -1 -1 -1 -1 -1 -1 -1 -1 -1 -1 -1 -1 -1 -1 -1 -1 -1 -1 -1 -1 -1 -1 -1 -1 -1 -1 -1
-1 -1 -1 -1 -1 -1 -1 -1 -1 -1 -1 -1 -1 -1 -1 -1 -1 -1 -1 -1 -1 -1 -1 -1 -1 -1 -1 -1 -1 -1 -1 -1 -1 -1 -1 -1 -1 -1 -1 -1 -1 -1 -1 -1 -1 -1 -1 -1 -1 -1 -1 -1 2 3 -1 -1 -1 -1 -1 -1 -1 -1 -1 -1 4 0 1 2 -1 -1 -1 -1 -1 -1 -1 -1 1 2 3 -1 -1 -1 -1 -1 -1 -1 -1 -1 -1 -1 0 -1 -1 -1 -1 -1 -1 -1 -1 -1 -1 -1 -1 -1 -1 -1 -1 -1 -1 -1 -1 -1 -1 -1 -1 -1 -1 -1 -1 -1 -1 -1 -1 -1 -1 -1 -1 -1 -1 -1 -1 -1 -1 -1 -1 -1 -1 -1 -1 -1 -1 -1 -1 -1
-1 -1 -1 -1 -1 -1 -1 -1 -1 -1 -1 -1 -1 -1 -1 -1 -1 -1 -1 -1 -1 -1 -1 -1 -1 -1 -1 -1 -1 -1 -1 -1 -1 -1 -1 -1 -1 -1 -1 -1 -1 -1 -1 -1 -1 -1 -1 -1 -1 -1 -1 -1 2 3 -1 -1 -1 -1 -1 -1 -1 -1 -1 -1 4 0 1 2 -1 -1 -1 -1 -1 -1 -1 -1 1 2 3 -1 -1 -1 -1 -1 -1 -1 -1 -1 3 -1 0 -1 -1 -1 -1 -1 -1 -1 -1 -1 -1 -1 -1 -1 -1 -1 -1 -1 -1 -1 -1 -1 -1 -1 -1 -1 -1 -1 -1 -1 -1 -1 -1 -1 -1 -1 -1 -1 -1 -1 -1 -1 -1 -1 -1 -1 -1 -1 -1 -1 -1 -1 -1 -1
-1 -1 -1 -1 -1 -1 -1 -1 -1 -1 -1 -1 -1 -1 -1 -1 -1 -1 -1 -1 -1 -1 -1 -1 -1 -1 -1 -1 -1 -1 -1 -1 -1 -1 -1 -1 -1 -1 -1 -1 -1 -1 -1 -1 -1 -1 -1 -1 -1 -1 -1 -1 2 3 -1 -1 -1 -1 -1 -1 -1 -1 5 -1 4 0 1 2 -1 -1 -1 -1 -1 -1 -1 -1 1 2 3 -1 -1 -1 -1 -1 -1 -1 -1 -1 3 -1 0 -1 -1 -1 -1 -1 -1 -1 -1 -1 -1 -1 -1 -1 -1 -1 -1 -1 -1 -1 -1 -1 -1 -1 -1 -1 -1 -1 -1 -1 -1 -1 -1 -1 -1 -1 -1 -1 -1 -1 -1 -1 -1 -1 -1 -1 -1 -1 -1 -1 -1 -1 -1 -1
-1 -1 -1 -1 -1 -1 -1 -1 -1 -1 -1 -1 -1 -1 -1 -1 -1 -1 -1 -1 -1 -1 -1 -1 -1 -1 -1 -1 -1 -1 -1 -1 -1 -1 -1 -1 -1 -1 -1 -1 -1 -1 -1 -1 -1 -1 -1 -1 -1 -1 -1 1 2 3 -1 -1 -1 -1 -1 -1 -1 -1 5 -1 4 0 1 2 -1 -1 -1 -1 -1 -1 -1 -1 1 2 3 -1 -1 -1 -1 -1 -1 -1 -1 -1 3 -1 0 -1 -1 -1 -1 -1 -1 -1 -1 -1 -1 -1 -1 -1 -1 -1 -1 -1 -1 -1 -1 -1 -1 -1 -1 -1 -1 -1 -1 -1 -1 -1 -1 -1 -1 -1 -1 -1 -1 -1 -1 -1 -1 -1 -1 -1 -1 -1 -1 -1 -1 -1 -1 -1
-1 -1 -1 -1 -1 -1 -1 -1 -1 -1 -1 -1 -1 -1 -1 -1 -1 -1 -1 -1 -1 -1 -1 -1 -1 -1 -1 -1 -1 -1 -1 -1 -1 -1 -1 -1 -1 -1 -1 -1 -1 -1 -1 -1 -1 -1 -1 -1 -1 -1 -1 1 2 3 -1 -1 -1 -1 -1 -1 -1 -1 5 -1 4 0 1 2 3 -1 -1 -1 -1 -1 -1 -1 1 2 3 -1 -1 -1 -1 -1 -1 -1 -1 -1 3 -1 0 -1 -1 -1 -1 -1 -1 -1 -1 -1 -1 -1 -1 -1 -1 -1 -1 -1 -1 -1 -1 -1 -1 -1 -1 -1 -1 -1 -1 -1 -1 -1 -1 -1 -1 -1 -1 -1 -1 -1 -1 -1 -1 -1 -1 -1 -1 -1 -1 -1 -1 -1 -1 -1
-1 -1 -1 -1 -1 -1 -1 -1 -1 -1 -1 -1 -1 -1 -1 -1 -1 -1 -1 -1 -1 -1 -1 -1 -1 -1 -1 -1 -1 -1 -1 -1 -1 -1 -1 -1 -1 -1 -1 -1 -1 -1 -1 -1 -1 -1 -1 -1 -1 -1 -1 1 2 3 -1 -1 -1 -1 -1 -1 -1 -1 5 -1 4 0 1 2 3 6 -1 -1 -1 -1 -1 -1 1 2 3 -1 -1 -1 -1 -1 -1 -1 -1 -1 3 -1 0 -1 -1 -1 -1 -1 -1 -1 -1 -1 -1 -1 -1 -1 -1 -1 -1 -1 -1 -1 -1 -1 -1 -1 -1 -1 -1 -1 -1 -1 -1 -1 -1 -1 -1 -1 -1 -1 -1 -1 -1 -1 -1 -1 -1 -1 -1 -1 -1 -1 -1 -1 -1 -1
-1 -1 -1 -1 -1 -1 -1 -1 -1 -1 -1 -1 -1 -1 -1 -1 -1 -1 -1 -1 -1 -1 -1 -1 -1 -1 -1 -1 -1 -1 -1 -1 -1 -1 -1 -1 -1 -1 -1 -1 -1 -1 -1 -1 -1 -1 -1 -1 -1 -1 -1 1 2 3 -1 -1 -1 -1 -1 -1 -1 -1 5 7 4 0 1 2 3 6 -1 -1 -1 -1 -1 -1 1 2 3 -1 -1 -1 -1 -1 -1 -1 -1 -1 3 -1 0 -1 -1 -1 -1 -1 -1 -1 -1 -1 -1 -1 -1 -1 -1 -1 -1 -1 -1 -1 -1 -1 -1 -1 -1 -1 -1 -1 -1 -1 -1 -1 -1 -1 -1 -1 -1 -1 -1 -1 -1 -1 -1 -1 -1 -1 -1 -1 -1 -1 -1 -1 -1 -1
-1 -1 -1 -1 -1 -1 -1 -1 -1 -1 -1 -1 -1 -1 -1 -1 -1 -1 -1 -1 -1 -1 -1 -1 -1 -1 -1 -1 -1 -1 -1 -1 -1 -1 -1 -1 -1 -1 -1 -1 -1 -1 -1 -1 -1 -1 -1 -1 -1 -1 -1 1 2 3 -1 -1 -1 -1 -1 -1 -1 8 5 7 4 0 1 2 3 6 -1 -1 -1 -1 -1 -1 1 2 3 -1 -1 -1 -1 -1 -1 -1 -1 -1 3 -1 0 -1 -1 -1 -1 -1 -1 -1 -1 -1 -1 -1 -1 -1 -1 -1 -1 -1 -1 -1 -1 -1 -1 -1 -1 -1 -1 -1 -1 -1 -1 -1 -1 -1 -1 -1 -1 -1 -1 -1 -1 -1 -1 -1 -1 -1 -1 -1 -1 -1 -1 -1 -1 -1
-1 -1 -1 -1 -1 -1 -1 -1 -1 -1 -1 -1 -1 -1 -1 -1 -1 -1 -1 -1 -1 -1 -1 -1 -1 -1 -1 -1 -1 -1 -1 -1 -1 -1 -1 -1 -1 -1 -1 -1 -1 -1 -1 -1 -1 -1 -1 -1 -1 -1 -1 1 2 3 -1 -1 -1 -1 -1 -1 -1 8 5 7 4 0 1 2 3 6 9 -1 -1 -1 -1 -1 1 2 3 -1 -1 -1 -1 -1 -1 -1 -1 -1 3 -1 0 -1 -1 -1 -1 -1 -1 -1 -1 -1 -1 -1 -1 -1 -1 -1 -1 -1 -1 -1 -1 -1 -1 -1 -1 -1 -1 -1 -1 -1 -1 -1 -1 -1 -1 -1 -1 -1 -1 -1 -1 -1 -1 -1 -1 -1 -1 -1 -1 -1 -1 -1 -1 -1
-1 -1 -1 -1 -1 -1 -1 -1 -1 -1 -1 -1 -1 -1 -1 -1 -1 -1 -1 -1 -1 -1 -1 -1 -1 -1 -1 -1 -1 -1 -1 -1 -1 -1 -1 -1 -1 -1 -1 -1 -1 -1 -1 -1 -1 -1 -1 -1 -1 -1 -1 1 2 3 -1 -1 -1 -1 -1 -1 10 8 5 7 4 0 1 2 3 6 9 -1 -1 -1 -1 -1 1 2 3 -1 -1 -1 -1 -1 -1 -1 -1 -1 3 -1 0 -1 -1 -1 -1 -1 -1 -1 -1 -1 -1 -1 -1 -1 -1 -1 -1 -1 -1 -1 -1 -1 -1 -1 -1 -1 -1 -1 -1 -1 -1 -1 -1 -1 -1 -1 -1 -1 -1 -1 -1 -1 -1 -1 -1 -1 -1 -1 -1 -1 -1 -1 -1 -1
-1 -1 -1 -1 -1 -1 -1 -1 -1 -1 -1 -1 -1 -1 -1 -1 -1 -1 -1 -1 -1 -1 -1 -1 -1 -1 -1 -1 -1 -1 -1 -1 -1 -1 -1 -1 -1 -1 -1 -1 -1 -1 -1 -1 -1 -1 -1 -1 -1 -1 -1 1 2 3 -1 -1 -1 -1 -1 -1 10 8 5 7 4 0 1 2 3 6 9 11 -1 -1 -1 -1 1 2 3 -1 -1 -1 -1 -1 -1 -1 -1 -1 3 -1 0 -1 -1 -1 -1 -1 -1 -1 -1 -1 -1 -1 -1 -1 -1 -1 -1 -1 -1 -1 -1 -1 -1 -1 -1 -1 -1 -1 -1 -1 -1 -1 -1 -1 -1 -1 -1 -1 -1 -1 -1 -1 -1 -1 -1 -1 -1 -1 -1 -1 -1 -1 -1 -1
-1 -1 -1 -1 -1 -1 -1 -1 -1 -1 -1 -1 -1 -1 -1 -1 -1 -1 -1 -1 -1 -1 -1 -1 -1 -1 -1 -1 -1 -1 -1 -1 -1 -1 -1 -1 -1 -1 -1 4 -1 -1 -1 -1 -1 -1 -1 -1 -1 -1 -1 1 2 3 -1 -1 -1 -1 -1 -1 10 8 5 7 4 0 1 2 3 6 9 11 -1 -1 -1 -1 1 2 3 -1 -1 -1 -1 -1 -1 -1 -1 -1 3 -1 0 -1 -1 -1 -1 -1 -1 -1 -1 -1 -1 -1 -1 -1 -1 -1 -1 -1 -1 -1 -1 -1 -1 -1 -1 -1 -1 -1 -1 -1 -1 -1 -1 -1 -1 -1 -1 -1 -1 -1 -1 -1 -1 -1 -1 -1 -1 -1 -1 -1 -1 -1 -1 -1
-1 -1 -1 -1 -1 -1 -1 -1 -1 -1 -1 -1 -1 -1 -1 -1 -1 -1 -1 -1 -1 -1 -1 -1 -1 -1 -1 -1 -1 -1 -1 -1 -1 -1 -1 -1 -1 -1 -1 4 -1 -1 -1 -1 -1 -1 -1 -1 -1 -1 0 1 2 3 -1 -1 -1 -1 -1 -1 10 8 5 7 4 0 1 2 3 6 9 11 -1 -1 -1 -1 1 2 3 -1 -1 -1 -1 -1 -1 -1 -1 -1 3 -1 0 -1 -1 -1 -1 -1 -1 -1 -1 -1 -1 -1 -1 -1 -1 -1 -1 -1 -1 -1 -1 -1 -1 -1 -1 -1 -1 -1 -1 -1 -1 -1 -1 -1 -1 -1 -1 -1 -1 -1 -1 -1 -1 -1 -1 -1 -1 -1 -1 -1 -1 -1 -1 -1
-1 -1 -1 -1 -1 -1 -1 -1 -1 -1 -1 -1 -1 -1 -1 -1 -1 -1 -1 -1 -1 -1 -1 -1 -1 -1 -1 -1 -1 -1 -1 -1 -1 -1 -1 -1 -1 -1 -1 4 -1 -1 -1 -1 -1 -1 -1 -1 -1 -1 0 1 2 3 -1 -1 -1 -1 -1 -1 10 8 5 7 4 0 1 2 3 6 9 11 -1 -1 4 -1 1 2 3 -1 -1 -1 -1 -1 -1 -1 -1 -1 3 -1 0 -1 -1 -1 -1 -1 -1 -1 -1 -1 -1 -1 -1 -1 -1 -1 -1 -1 -1 -1 -1 -1 -1 -1 -1 -1 -1 -1 -1 -1 -1 -1 -1 -1 -1 -1 -1 -1 -1 -1 -1 -1 -1 -1 -1 -1 -1 -1 -1 -1 -1 -1 -1 -1
-1 -1 -1 -1 -1 -1 -1 -1 -1 -1 -1 -1 -1 -1 -1 -1 -1 -1 -1 -1 -1 -1 -1 -1 -1 -1 -1 -1 -1 -1 5 -1 -1 -1 -1 -1 -1 -1 -1 4 -1 -1 -1 -1 -1 -1 -1 -1 -1 -1 0 1 2 3 -1 -1 -1 -1 -1 -1 10 8 5 7 4 0 1 2 3 6 9 11 -1 -1 4 -1 1 2 3 -1 -1 -1 -1 -1 -1 -1 -1 -1 3 -1 0 -1 -1 -1 -1 -1 -1 -1 -1 -1 -1 -1 -1 -1 -1 -1 -1 -1 -1 -1 -1 -1 -1 -1 -1 -1 -1 -1 -1 -1 -1 -1 -1 -1 -1 -1 -1 -1 -1 -1 -1 -1 -1 -1 -1 -1 -1 -1 -1 -1 -1 -1 -1 -1
-1 -1 -1 -1 -1 -1 -1 -1 -1 -1 -1 -1 -1 -1 -1 -1 -1 -1 -1 -1 -1 -1 -1 -1 -1 -1 -1 -1 -1 -1 5 -1 -1 -1 -1 -1 -1 -1 -1 4 -1 -1 -1 -1 -1 -1 -1 -1 -1 -1 0 1 2 3 -1 -1 -1 -1 -1 -1 10 8 5 7 4 0 1 2 3 6 9 11 -1 -1 4 -1 1 2 3 -1 -1 -1 0 -1 -1 -1 -1 -1 3 -1 0 -1 -1 -1 -1 -1 -1 -1 -1 -1 -1 -1 -1 -1 -1 -1 -1 -1 -1 -1 -1 -1 -1 -1 -1 -1 -1 -1 -1 -1 -1 -1 -1 -1 -1 -1 -1 -1 -1 -1 -1 -1 -1 -1 -1 -1 -1 -1 -1 -1 -1 -1 -1 -1
-1 -1 -1 -1 -1 -1 -1 -1 -1 -1 -1 -1 -1 -1 -1 -1 -1 -1 -1 -1 -1 -1 -1 -1 -1 -1 -1 -1 -1 -1 5 -1 -1 -1 -1 -1 -1 -1 -1 4 -1 -1 -1 -1 -1 -1 -1 -1 -1 -1 0 1 2 3 -1 -1 -1 -1 -1 -1 10 8 5 7 4 0 1 2 3 6 9 11 -1 6 4 -1 1 2 3 -1 -1 -1 0 -1 -1 -1 -1 -1 3 -1 0 -1 -1 -1 -1 -1 -1 -1 -1 -1 -1 -1 -1 -1 -1 -1 -1 -1 -1 -1 -1 -1 -1 -1 -1 -1 -1 -1 -1 -1 -1 -1 -1 -1 -1 -1 -1 -1 -1 -1 -1 -1 -1 -1 -1 -1 -1 -1 -1 -1 -1 -1 -1 -1
-1 -1 -1 -1 -1 -1 -1 -1 -1 -1 -1 -1 -1 -1 -1 -1 -1 -1 -1 -1 -1 -1 -1 -1 -1 -1 -1 -1 -1 -1 5 -1 -1 -1 -1 -1 -1 -1 -1 4 -1 -1 -1 -1 -1 -1 -1 -1 -1 -1 0 1 2 3 -1 -1 -1 -1 -1 -1 10 8 5 7 4 0 1 2 3 6 9 11 -1 6 4 -1 1 2 3 -1 -1 -1 0 -1 -1 1 -1 -1 3 -1 0 -1 -1 -1 -1 -1 -1 -1 -1 -1 -1 -1 -1 -1 -1 -1 -1 -1 -1 -1 -1 -1 -1 -1 -1 -1 -1 -1 -1 -1 -1 -1 -1 -1 -1 -1 -1 -1 -1 -1 -1 -1 -1 -1 -1 -1 -1 -1 -1 -1 -1 -1 -1 -1
-1 -1 -1 -1 -1 -1 -1 -1 -1 -1 -1 -1 -1 -1 -1 -1 -1 -1 -1 -1 -1 -1 -1 -1 -1 -1 -1 -1 -1 -1 5 -1 -1 -1 -1 -1 -1 -1 -1 4 -1 -1 -1 -1 -1 -1 -1 -1 -1 -1 0 1 2 3 -1 -1 -1 -1 -1 -1 10 8 5 7 4 0 1 2 3 6 9 11 -1 6 4 8 1 2 3 -1 -1 -1 0 -1 -1 1 -1 -1 3 -1 0 -1 -1 -1 -1 -1 -1 -1 -1 -1 -1 -1 -1 -1 -1 -1 -1 -1 -1 -1 -1 -1 -1 -1 -1 -1 -1 -1 -1 -1 -1 -1 -1 -1 -1 -1 -1 -1 -1 -1 -1 -1 -1 -1 -1 -1 -1 -1 -1 -1 -1 -1 -1 -1
-1 -1 -1 -1 -1 -1 -1 -1 -1 -1 -1 -1 -1 -1 -1 -1 -1 -1 -1 -1 -1 -1 -1 -1 -1 -1 -1 -1 -1 -1 5 -1 -1 -1 -1 -1 -1 -1 -1 4 -1 -1 -1 -1 -1 -1 -1 -1 -1 -1 0 1 2 3 -1 -1 -1 -1 -1 -1 10 8 5 7 4 0 1 2 3 6 9 11 -1 6 4 8 1 2 3 -1 -1 -1 0 5 -1 1 -1 -1 3 -1 0 -1 -1 -1 -1 -1 -1 -1 -1 -1 -1 -1 -1 -1 -1 -1 -1 -1 -1 -1 -1 -1 -1 -1 -1 -1 -1 -1 -1 -1 -1 -1 -1 -1 -1 -1 -1 -1 -1 -1 -1 -1 -1 -1 -1 -1 -1 -1 -1 -1 -1 -1 -1 -1
-1 -1 -1 -1 -1 -1 -1 -1 -1 -1 -1 -1 -1 -1 -1 -1 -1 -1 -1 -1 -1 -1 -1 -1 -1 -1 -1 -1 -1 -1 5 -1 -1 -1 -1 -1 -1 -1 -1 4 -1 -1 -1 -1 -1 -1 -1 -1 -1 -1 0 1 2 3 -1 -1 -1 -1 -1 -1 10 8 5 7 4 0 1 2 3 6 9 11 -1 6 4 8 1 2 3 -1 -1 7 0 5 -1 1 -1 -1 3 -1 0 -1 -1 -1 -1 -1 -1 -1 -1 -1 -1 -1 -1 -1 -1 -1 -1 -1 -1 -1 -1 -1 -1 -1 -1 -1 -1 -1 -1 -1 -1 -1 -1 -1 -1 -1 -1 -1 -1 -1 -1 -1 -1 -1 -1 -1 -1 -1 -1 -1 -1 -1 -1 -1
-1 -1 -1 -1 -1 -1 -1 -1 -1 -1 -1 -1 -1 -1 -1 -1 -1 -1 -1 -1 -1 -1 -1 -1 -1 -1 -1 -1 -1 -1 5 -1 -1 -1 -1 -1 -1 -1 -1 4 -1 -1 -1 -1 -1 -1 -1 -1 -1 -1 0 1 2 3 -1 -1 -1 -1 -1 -1 10 8 5 7 4 0 1 2 3 6 9 11 9 6 4 8 1 2 3 -1 -1 7 0 5 -1 1 -1 -1 3 -1 0 -1 -1 -1 -1 -1 -1 -1 -1 -1 -1 -1 -1 -1 -1 -1 -1 -1 -1 -1 -1 -1 -1 -1 -1 -1 -1 -1 -1 -1 -1 -1 -1 -1 -1 -1 -1 -1 -1 -1 -1 -1 -1 -1 -1 -1 -1 -1 -1 -1 -1 -1 -1 -1
-1 -1 -1 -1 -1 -1 -1 -1 -1 -1 -1 -1 -1 -1 -1 -1 -1 -1 -1 -1 -1 -1 -1 -1 -1 -1 -1 -1 -1 -1 5 -1 -1 -1 -1 -1 -1 -1 -1 4 -1 -1 -1 -1 -1 -1 -1 -1 -1 -1 0 1 2 3 -1 -1 -1 -1 -1 -1 10 8 5 7 4 0 1 2 3 6 9 11 9 6 4 8 1 2 3 10 -1 7 0 5 -1 1 -1 -1 3 -1 0 -1 -1 -1 -1 -1 -1 -1 -1 -1 -1 -1 -1 -1 -1 -1 -1 -1 -1 -1 -1 -1 -1 -1 -1 -1 -1 -1 -1 -1 -1 -1 -1 -1 -1 -1 -1 -1 -1 -1 -1 -1 -1 -1 -1 -1 -1 -1 -1 -1 -1 -1 -1 -1
-1 -1 -1 -1 -1 -1 -1 -1 -1 -1 -1 -1 -1 -1 -1 -1 -1 -1 -1 -1 -1 -1 -1 -1 -1 -1 -1 -1 -1 -1 5 -1 -1 -1 -1 -1 -1 -1 -1 4 -1 -1 -1 -1 -1 -1 -1 -1 -1 -1 0 1 2 3 -1 -1 -1 -1 -1 -1 10 8 5 7 4 0 1 2 3 6 9 11 9 6 4 8 1 2 3 10 11 7 0 5 -1 1 -1 -1 3 -1 0 -1 -1 -1 -1 -1 -1 -1 -1 -1 -1 -1 -1 -1 -1 -1 -1 -1 -1 -1 -1 -1 -1 -1 -1 -1 -1 -1 -1 -1 -1 -1 -1 -1 -1 -1 -1 -1 -1 -1 -1 -1 -1 -1 -1 -1 -1 -1 -1 -1 -1 -1 -1 -1
-1 -1 -1 -1 -1 -1 -1 -1 -1 -1 -1 -1 -1 -1 -1 -1 -1 -1 -1 -1 -1 -1 -1 -1 -1 -1 -1 -1 6 -1 5 -1 -1 -1 -1 -1 -1 -1 -1 4 -1 -1 -1 -1 -1 -1 -1 -1 -1 -1 0 1 2 3 -1 -1 -1 -1 -1 -1 10 8 5 7 4 0 1 2 3 6 9 11 9 6 4 8 1 2 3 10 11 7 0 5 -1 1 -1 -1 3 -1 0 -1 -1 -1 -1 -1 -1 -1 -1 -1 -1 -1 -1 -1 -1 -1 -1 -1 -1 -1 -1 -1 -1 -1 -1 -1 -1 -1 -1 -1 -1 -1 -1 -1 -1 -1 -1 -1 -1 -1 -1 -1 -1 -1 -1 -1 -1 -1 -1 -1 -1 -1 -1 -1
-1 -1 -1 -1 -1 -1 -1 -1 -1 -1 -1 -1 -1 -1 -1 -1 -1 -1 -1 -1 -1 -1 -1 -1 -1 -1 -1 -1 6 -1 5 -1 -1 -1 -1 -1 -1 -1 -1 4 -1 8 -1 -1 -1 -1 -1 -1 -1 -1 0 1 2 3 -1 -1 -1 -1 -1 -1 10 8 5 7 4 0 1 2 3 6 9 11 9 6 4 8 1 2 3 10 11 7 0 5 -1 1 -1 -1 3 -1 0 -1 -1 -1 -1 -1 -1 -1 -1 -1 -1 -1 -1 -1 -1 -1 -1 -1 -1 -1 -1 -1 -1 -1 -1 -1 -1 -1 -1 -1 -1 -1 -1 -1 -1 -1 -1 -1 -1 -1 -1 -1 -1 -1 -1 -1 -1 -1 -1 -1 -1 -1 -1 -1
-1 -1 -1 -1 -1 -1 -1 -1 -1 -1 -1 -1 -1 -1 -1 -1 -1 -1 -1 -1 -1 -1 -1 -1 -1 -1 -1 -1 6 -1 5 -1 -1 -1 -1 -1 -1 -1 -1 4 -1 8 -1 -1 -1 -1 -1 -1 -1 -1 0 1 2 3 -1 -1 -1 4 -1 -1 10 8 5 7 4 0 1 2 3 6 9 11 9 6 4 8 1 2 3 10 11 7 0 5 -1 1 -1 -1 3 -1 0 -1 -1 -1 -1 -1 -1 -1 -1 -1 -1 -1 -1 -1 -1 -1 -1 -1 -1 -1 -1 -1 -1 -1 -1 -1 -1 -1 -1 -1 -1 -1 -1 -1 -1 -1 -1 -1 -1 -1 -1 -1 -1 -1 -1 -1 -1 -1 -1 -1 -1 -1 -1 -1
-1 -1 -1 -1 -1 -1 -1 -1 -1 -1 -1 -1 -1 -1 -1 -1 -1 -1 -1 -1 -1 -1 -1 -1 -1 -1 -1 -1 6 -1 5 -1 -1 -1 -1 -1 -1 -1 -1 4 -1 8 -1 -1 -1 -1 -1 -1 -1 -1 0 1 2 3 7 -1 -1 4 -1 -1 10 8 5 7 4 0 1 2 3 6 9 11 9 6 4 8 1 2 3 10 11 7 0 5 -1 1 -1 -1 3 -1 0 -1 -1 -1 -1 -1 -1 -1 -1 -1 -1 -1 -1 -1 -1 -1 -1 -1 -1 -1 -1 -1 -1 -1 -1 -1 -1 -1 -1 -1 -1 -1 -1 -1 -1 -1 -1 -1 -1 -1 -1 -1 -1 -1 -1 -1 -1 -1 -1 -1 -1 -1 -1 -1
-1 -1 -1 -1 -1 -1 2 -1 -1 -1 -1 -1 -1 -1 -1 -1 -1 -1 -1 -1 -1 -1 -1 -1 -1 -1 -1 -1 6 -1 5 -1 -1 -1 -1 -1 -1 -1 -1 4 -1 8 -1 -1 -1 -1 -1 -1 -1 -1 0 1 2 3 7 -1 -1 4 -1 -1 10 8 5 7 4 0 1 2 3 6 9 11 9 6 4 8 1 2 3 10 11 7 0 5 -1 1 -1 -1 3 -1 0 -1 -1 -1 -1 -1 -1 -1 -1 -1 -1 -1 -1 -1 -1 -1 -1 -1 -1 -1 -1 -1 -1 -1 -1 -1 -1 -1 -1 -1 -1 -1 -1 -1 -1 -1 -1 -1 -1 -1 -1 -1 -1 -1 -1 -1 -1 -1 -1 -1 -1 -1 -1 -1
-1 -1 -1 -1 -1 -1 2 -1 -1 -1 -1 -1 -1 -1 -1 -1 -1 -1 -1 -1 -1 -1 -1 -1 -1 -1 -1 -1 6 -1 5 -1 -1 -1 -1 -1 -1 -1 -1 4 -1 8 -1 -1 -1 -1 -1 -1 -1 9 0 1 2 3 7 -1 -1 4 -1 -1 10 8 5 7 4 0 1 2 3 6 9 11 9 6 4 8 1 2 3 10 11 7 0 5 -1 1 -1 -1 3 -1 0 -1 -1 -1 -1 -1 -1 -1 -1 -1 -1 -1 -1 -1 -1 -1 -1 -1 -1 -1 -1 -1 -1 -1 -1 -1 -1 -1 -1 -1 -1 -1 -1 -1 -1 -1 -1 -1 -1 -1 -1 -1 -1 -1 -1 -1 -1 -1 -1 -1 -1 -1 -1 -1
-1 -1 -1 -1 -1 -1 2 -1 -1 -1 -1 -1 -1 -1 -1 -1 -1 -1 -1 -1 -1 -1 -1 -1 -1 -1 -1 -1 6 -1 5 -1 -1 -1 -1 -1 -1 -1 -1 4 -1 8 -1 -1 -1 -1 -1 -1 -1 9 0 1 2 3 7 -1 8 4 -1 -1 10 8 5 7 4 0 1 2 3 6 9 11 9 6 4 8 1 2 3 10 11 7 0 5 -1 1 -1 -1 3 -1 0 -1 -1 -1 -1 -1 -1 -1 -1 -1 -1 -1 -1 -1 -1 -1 -1 -1 -1 -1 -1 -1 -1 -1 -1 -1 -1 -1 -1 -1 -1 -1 -1 -1 -1 -1 -1 -1 -1 -1 -1 -1 -1 -1 -1 -1 -1 -1 -1 -1 -1 -1 -1 -1
-1 -1 -1 -1 -1 -1 2 -1 -1 -1 -1 -1 -1 -1 -1 -1 -1 -1 -1 -1 -1 -1 -1 -1 -1 -1 -1 -1 6 -1 5 -1 -1 -1 -1 -1 -1 -1 -1 4 -1 8 -1 -1 -1 -1 -1 -1 -1 9 0 1 2 3 7 -1 8 4 5 -1 10 8 5 7 4 0 1 2 3 6 9 11 9 6 4 8 1 2 3 10 11 7 0 5 -1 1 -1 -1 3 -1 0 -1 -1 -1 -1 -1 -1 -1 -1 -1 -1 -1 -1 -1 -1 -1 -1 -1 -1 -1 -1 -1 -1 -1 -1 -1 -1 -1 -1 -1 -1 -1 -1 -1 -1 -1 -1 -1 -1 -1 -1 -1 -1 -1 -1 -1 -1 -1 -1 -1 -1 -1 -1 -1
-1 -1 -1 -1 -1 -1 2 -1 -1 -1 -1 -1 -1 -1 -1 -1 -1 -1 -1 -1 -1 -1 -1 -1 -1 -1 -1 -1 6 -1 5 -1 -1 -1 -1 -1 -1 -1 -1 4 -1 8 -1 -1 -1 -1 -1 -1 -1 9 0 1 2 3 7 6 8 4 5 -1 10 8 5 7 4 0 1 2 3 6 9 11 9 6 4 8 1 2 3 10 11 7 0 5 -1 1 -1 -1 3 -1 0 -1 -1 -1 -1 -1 -1 -1 -1 -1 -1 -1 -1 -1 -1 -1 -1 -1 -1 -1 -1 -1 -1 -1 -1 -1 -1 -1 -1 -1 -1 -1 -1 -1 -1 -1 -1 -1 -1 -1 -1 -1 -1 -1 -1 -1 -1 -1 -1 -1 -1 -1 -1 -1
-1 -1 -1 -1 -1 -1 2 -1 -1 -1 -1 -1 -1 -1 -1 -1 -1 -1 -1 -1 -1 -1 -1 -1 -1 -1 -1 -1 6 -1 5 -1 -1 -1 -1 -1 -1 -1 -1 4 -1 8 -1 -1 -1 -1 -1 -1 11 9 0 1 2 3 7 6 8 4 5 -1 10 8 5 7 4 0 1 2 3 6 9 11 9 6 4 8 1 2 3 10 11 7 0 5 -1 1 -1 -1 3 -1 0 -1 -1 -1 -1 -1 -1 -1 -1 -1 -1 -1 -1 -1 -1 -1 -1 -1 -1 -1 -1 -1 -1 -1 -1 -1 -1 -1 -1 -1 -1 -1 -1 -1 -1 -1 -1 -1 -1 -1 -1 -1 -1 -1 -1 -1 -1 -1 -1 -1 -1 -1 -1 -1
-1 -1 -1 -1 -1 -1 2 -1 -1 -1 -1 -1 -1 -1 -1 -1 -1 -1 -1 -1 -1 -1 -1 -1 -1 -1 -1 -1 6 -1 5 -1 -1 -1 -1 -1 -1 -1 -1 4 -1 8 -1 -1 -1 -1 -1 -1 11 9 0 1 2 3 7 6 8 4 5 10 10 8 5 7 4 0 1 2 3 6 9 11 9 6 4 8 1 2 3 10 11 7 0 5 -1 1 -1 -1 3 -1 0 -1 -1 -1 -1 -1 -1 -1 -1 -1 -1 -1 -1 -1 -1 -1 -1 -1 -1 -1 -1 -1 -1 -1 -1 -1 -1 -1 -1 -1 -1 -1 -1 -1 -1 -1 -1 -1 -1 -1 -1 -1 -1 -1 -1 -1 -1 -1 -1 -1 -1 -1 -1 -1
-1 -1 -1 -1 -1 -1 2 -1 -1 -1 -1 -1 -1 -1 -1 -1 -1 -1 -1 -1 -1 -1 -1 -1 -1 -1 -1 -1 6 -1 5 -1 -1 -1 -1 -1 -1 -1 -1 4 -1 8 -1 -1 -1 -1 -1 -1 11 9 0 1 2 3 7 6 8 4 5 10 10 8 5 7 4 0 1 2 3 6 9 11 9 6 4 8 1 2 3 10 11 7 0 5 -1 1 -1 -1 3 -1 0 7 -1 -1 -1 -1 -1 -1 -1 -1 -1 -1 -1 -1 -1 -1 -1 -1 -1 -1 -1 -1 -1 -1 -1 -1 -1 -1 -1 -1 -1 -1 -1 -1 -1 -1 -1 -1 -1 -1 -1 -1 -1 -1 -1 -1 -1 -1 -1 -1 -1 -1 -1 -1
-1 -1 -1 -1 -1 -1 2 -1 -1 -1 -1 -1 -1 -1 -1 -1 -1 -1 -1 -1 -1 -1 -1 -1 -1 -1 -1 -1 6 -1 5 -1 -1 -1 -1 -1 -1 -1 -1 4 -1 8 -1 -1 0 -1 -1 -1 11 9 0 1 2 3 7 6 8 4 5 10 10 8 5 7 4 0 1 2 3 6 9 11 9 6 4 8 1 2 3 10 11 7 0 5 -1 1 -1 -1 3 -1 0 7 -1 -1 -1 -1 -1 -1 -1 -1 -1 -1 -1 -1 -1 -1 -1 -1 -1 -1 -1 -1 -1 -1 -1 -1 -1 -1 -1 -1 -1 -1 -1 -1 -1 -1 -1 -1 -1 -1 -1 -1 -1 -1 -1 -1 -1 -1 -1 -1 -1 -1 -1 -1
-1 -1 -1 -1 -1 -1 2 -1 -1 -1 -1 -1 -1 -1 -1 -1 -1 -1 -1 -1 -1 -1 -1 -1 -1 -1 -1 -1 6 -1 5 1 -1 -1 -1 -1 -1 -1 -1 4 -1 8 -1 -1 0 -1 -1 -1 11 9 0 1 2 3 7 6 8 4 5 10 10 8 5 7 4 0 1 2 3 6 9 11 9 6 4 8 1 2 3 10 11 7 0 5 -1 1 -1 -1 3 -1 0 7 -1 -1 -1 -1 -1 -1 -1 -1 -1 -1 -1 -1 -1 -1 -1 -1 -1 -1 -1 -1 -1 -1 -1 -1 -1 -1 -1 -1 -1 -1 -1 -1 -1 -1 -1 -1 -1 -1 -1 -1 -1 -1 -1 -1 -1 -1 -1 -1 -1 -1 -1 -1
-1 -1 -1 -1 -1 -1 2 -1 -1 -1 -1 -1 -1 -1 -1 -1 -1 -1 -1 -1 -1 -1 -1 -1 -1 -1 -1 -1 6 -1 5 1 -1 -1 -1 -1 -1 -1 -1 4 -1 8 -1 -1 0 -1 -1 -1 11 9 0 1 2 3 7 6 8 4 5 10 10 8 5 7 4 0 1 2 3 6 9 11 9 6 4 8 1 2 3 10 11 7 0 5 -1 1 -1 -1 3 -1 0 7 -1 -1 -1 -1 -1 -1 -1 5 -1 -1 -1 -1 -1 -1 -1 -1 -1 -1 -1 -1 -1 -1 -1 -1 -1 -1 -1 -1 -1 -1 -1 -1 -1 -1 -1 -1 -1 -1 -1 -1 -1 -1 -1 -1 -1 -1 -1 -1 -1 -1 -1 -1
-1 -1 -1 -1 -1 -1 2 -1 -1 -1 -1 -1 -1 5 -1 -1 -1 -1 -1 -1 -1 -1 -1 -1 -1 -1 -1 -1 6 -1 5 1 -1 -1 -1 -1 -1 -1 -1 4 -1 8 -1 -1 0 -1 -1 -1 11 9 0 1 2 3 7 6 8 4 5 10 10 8 5 7 4 0 1 2 3 6 9 11 9 6 4 8 1 2 3 10 11 7 0 5 -1 1 -1 -1 3 -1 0 7 -1 -1 -1 -1 -1 -1 -1 5 -1 -1 -1 -1 -1 -1 -1 -1 -1 -1 -1 -1 -1 -1 -1 -1 -1 -1 -1 -1 -1 -1 -1 -1 -1 -1 -1 -1 -1 -1 -1 -1 -1 -1 -1 -1 -1 -1 -1 -1 -1 -1 -1 -1
-1 -1 -1 -1 -1 -1 2 -1 -1 -1 -1 -1 -1 5 -1 -1 -1 -1 -1 -1 -1 -1 -1 -1 -1 -1 -1 -1 6 -1 5 1 -1 -1 -1 -1 -1 -1 -1 4 -1 8 -1 -1 0 -1 -1 -1 11 9 0 1 2 3 7 6 8 4 5 10 10 8 5 7 4 0 1 2 3 6 9 11 9 6 4 8 1 2 3 10 11 7 0 5 -1 1 -1 -1 3 -1 0 7 -1 -1 -1 -1 -1 -1 -1 5 -1 -1 -1 3 -1 -1 -1 -1 -1 -1 -1 -1 -1 -1 -1 -1 -1 -1 -1 -1 -1 -1 -1 -1 -1 -1 -1 -1 -1 -1 -1 -1 -1 -1 -1 -1 -1 -1 -1 -1 -1 -1 -1 -1
-1 -1 -1 -1 -1 -1 2 -1 -1 -1 -1 -1 -1 5 -1 -1 -1 -1 -1 -1 -1 -1 -1 -1 -1 -1 -1 -1 6 -1 5 1 -1 -1 -1 -1 -1 -1 -1 4 -1 8 -1 9 0 -1 -1 -1 11 9 0 1 2 3 7 6 8 4 5 10 10 8 5 7 4 0 1 2 3 6 9 11 9 6 4 8 1 2 3 10 11 7 0 5 -1 1 -1 -1 3 -1 0 7 -1 -1 -1 -1 -1 -1 -1 5 -1 -1 -1 3 -1 -1 -1 -1 -1 -1 -1 -1 -1 -1 -1 -1 -1 -1 -1 -1 -1 -1 -1 -1 -1 -1 -1 -1 -1 -1 -1 -1 -1 -1 -1 -1 -1 -1 -1 -1 -1 -1 -1 -1
-1 -1 -1 -1 -1 -1 2 -1 -1 -1 -1 -1 -1 5 -1 -1 -1 -1 -1 0 -1 -1 -1 -1 -1 -1 -1 -1 6 -1 5 1 -1 -1 -1 -1 -1 -1 -1 4 -1 8 -1 9 0 -1 -1 -1 11 9 0 1 2 3 7 6 8 4 5 10 10 8 5 7 4 0 1 2 3 6 9 11 9 6 4 8 1 2 3 10 11 7 0 5 -1 1 -1 -1 3 -1 0 7 -1 -1 -1 -1 -1 -1 -1 5 -1 -1 -1 3 -1 -1 -1 -1 -1 -1 -1 -1 -1 -1 -1 -1 -1 -1 -1 -1 -1 -1 -1 -1 -1 -1 -1 -1 -1 -1 -1 -1 -1 -1 -1 -1 -1 -1 -1 -1 -1 -1 -1 -1
-1 -1 -1 -1 -1 -1 2 -1 -1 -1 -1 -1 -1 5 -1 -1 -1 -1 -1 0 -1 -1 -1 -1 -1 -1 -1 -1 6 -1 5 1 -1 -1 -1 -1 -1 -1 -1 4 -1 8 -1 9 0 -1 -1 -1 11 9 0 1 2 3 7 6 8 4 5 10 10 8 5 7 4 0 1 2 3 6 9 11 9 6 4 8 1 2 3 10 11 7 0 5 -1 1 -1 -1 3 -1 0 7 -1 -1 -1 -1 -1 -1 -1 5 -1 -1 -1 3 -1 -1 -1 -1 -1 -1 -1 -1 -1 -1 -1 -1 -1 -1 -1 -1 -1 -1 -1 -1 -1 -1 -1 -1 -1 -1 -1 -1 -1 -1 -1 -1 -1 -1 -1 5 -1 -1 -1 -1
-1 -1 -1 -1 -1 -1 2 -1 -1 -1 -1 -1 -1 5 -1 -1 -1 -1 -1 0 -1 -1 -1 -1 -1 -1 -1 -1 6 -1 5 1 -1 -1 -1 -1 -1 -1 -1 4 -1 8 -1 9 0 -1 -1 -1 11 9 0 1 2 3 7 6 8 4 5 10 10 8 5 7 4 0 1 2 3 6 9 11 9 6 4 8 1 2 3 10 11 7 0 5 -1 1 -1 -1 3 -1 0 7 -1 -1 -1 -1 6 -1 -1 5 -1 -1 -1 3 -1 -1 -1 -1 -1 -1 -1 -1 -1 -1 -1 -1 -1 -1 -1 -1 -1 -1 -1 -1 -1 -1 -1 -1 -1 -1 -1 -1 -1 -1 -1 -1 -1 -1 -1 5 -1 -1 -1 -1
-1 -1 -1 -1 -1 -1 2 -1 -1 -1 -1 -1 -1 5 -1 -1 -1 -1 -1 0 -1 -1 -1 -1 -1 -1 -1 -1 6 -1 5 1 -1 -1 -1 -1 -1 -1 -1 4 7 8 -1 9 0 -1 -1 -1 11 9 0 1 2 3 7 6 8 4 5 10 10 8 5 7 4 0 1 2 3 6 9 11 9 6 4 8 1 2 3 10 11 7 0 5 -1 1 -1 -1 3 -1 0 7 -1 -1 -1 -1 6 -1 -1 5 -1 -1 -1 3 -1 -1 -1 -1 -1 -1 -1 -1 -1 -1 -1 -1 -1 -1 -1 -1 -1 -1 -1 -1 -1 -1 -1 -1 -1 -1 -1 -1 -1 -1 -1 -1 -1 -1 -1 5 -1 -1 -1 -1
-1 -1 -1 -1 10 -1 2 -1 -1 -1 -1 -1 -1 5 -1 -1 -1 -1 -1 0 -1 -1 -1 -1 -1 -1 -1 -1 6 -1 5 1 -1 -1 -1 -1 -1 -1 -1 4 7 8 -1 9 0 -1 -1 -1 11 9 0 1 2 3 7 6 8 4 5 10 10 8 5 7 4 0 1 2 3 6 9 11 9 6 4 8 1 2 3 10 11 7 0 5 -1 1 -1 -1 3 -1 0 7 -1 -1 -1 -1 6 -1 -1 5 -1 -1 -1 3 -1 -1 -1 -1 -1 -1 -1 -1 -1 -1 -1 -1 -1 -1 -1 -1 -1 -1 -1 -1 -1 -1 -1 -1 -1 -1 -1 -1 -1 -1 -1 -1 -1 -1 -1 5 -1 -1 -1 -1
-1 -1 -1 -1 10 -1 2 -1 9 -1 -1 -1 -1 5 -1 -1 -1 -1 -1 0 -1 -1 -1 -1 -1 -1 -1 -1 6 -1 5 1 -1 -1 -1 -1 -1 -1 -1 4 7 8 -1 9 0 -1 -1 -1 11 9 0 1 2 3 7 6 8 4 5 10 10 8 5 7 4 0 1 2 3 6 9 11 9 6 4 8 1 2 3 10 11 7 0 5 -1 1 -1 -1 3 -1 0 7 -1 -1 -1 -1 6 -1 -1 5 -1 -1 -1 3 -1 -1 -1 -1 -1 -1 -1 -1 -1 -1 -1 -1 -1 -1 -1 -1 -1 -1 -1 -1 -1 -1 -1 -1 -1 -1 -1 -1 -1 -1 -1 -1 -1 -1 -1 5 -1 -1 -1 -1
-1 -1 -1 -1 10 -1 2 -1 9 -1 -1 -1 -1 5 -1 -1 -1 -1 -1 0 -1 -1 -1 -1 -1 -1 8 -1 6 -1 5 1 -1 -1 -1 -1 -1 -1 -1 4 7 8 -1 9 0 -1 -1 -1 11 9 0 1 2 3 7 6 8 4 5 10 10 8 5 7 4 0 1 2 3 6 9 11 9 6 4 8 1 2 3 10 11 7 0 5 -1 1 -1 -1 3 -1 0 7 -1 -1 -1 -1 6 -1 -1 5 -1 -1 -1 3 -1 -1 -1 -1 -1 -1 -1 -1 -1 -1 -1 -1 -1 -1 -1 -1 -1 -1 -1 -1 -1 -1 -1 -1 -1 -1 -1 -1 -1 -1 -1 -1 -1 -1 -1 5 -1 -1 -1 -1
1 -1 -1 -1 10 -1 2 -1 9 -1 -1 -1 -1 5 -1 -1 -1 -1 -1 0 -1 -1 -1 -1 -1 -1 8 -1 6 -1 5 1 -1 -1 -1 -1 -1 -1 -1 4 7 8 -1 9 0 -1 -1 -1 11 9 0 1 2 3 7 6 8 4 5 10 10 8 5 7 4 0 1 2 3 6 9 11 9 6 4 8 1 2 3 10 11 7 0 5 -1 1 -1 -1 3 -1 0 7 -1 -1 -1 -1 6 -1 -1 5 -1 -1 -1 3 -1 -1 -1 -1 -1 -1 -1 -1 -1 -1 -1 -1 -1 -1 -1 -1 -1 -1 -1 -1 -1 -1 -1 -1 -1 -1 -1 -1 -1 -1 -1 -1 -1 -1 -1 5 -1 -1 -1 -1
1 -1 -1 -1 10 -1 2 -1 9 -1 -1 -1 -1 5 -1 -1 -1 -1 -1 0 -1 -1 -1 -1 -1 -1 8 -1 6 -1 5 1 -1 -1 -1 -1 -1 -1 -1 4 7 8 -1 9 0 -1 -1 -1 11 9 0 1 2 3 7 6 8 4 5 10 10 8 5 7 4 0 1 2 3 6 9 11 9 6 4 8 1 2 3 10 11 7 0 5 -1 1 -1 -1 3 -1 0 7 -1 -1 -1 -1 6 -1 -1 5 -1 -1 -1 3 10 -1 -1 -1 -1 -1 -1 -1 -1 -1 -1 -1 -1 -1 -1 -1 -1 -1 -1 -1 -1 -1 -1 -1 -1 -1 -1 -1 -1 -1 -1 -1 -1 -1 -1 5 -1 -1 -1 -1
1 -1 3 -1 10 -1 2 -1 9 -1 -1 -1 -1 5 -1 -1 -1 -1 -1 0 -1 -1 -1 -1 -1 -1 8 -1 6 -1 5 1 -1 -1 -1 -1 -1 -1 -1 4 7 8 -1 9 0 -1 -1 -1 11 9 0 1 2 3 7 6 8 4 5 10 10 8 5 7 4 0 1 2 3 6 9 11 9 6 4 8 1 2 3 10 11 7 0 5 -1 1 -1 -1 3 -1 0 7 -1 -1 -1 -1 6 -1 -1 5 -1 -1 -1 3 10 -1 -1 -1 -1 -1 -1 -1 -1 -1 -1 -1 -1 -1 -1 -1 -1 -1 -1 -1 -1 -1 -1 -1 -1 -1 -1 -1 -1 -1 -1 -1 -1 -1 -1 5 -1 -1 -1 -1
1 -1 3 -1 10 -1 2 -1 9 -1 -1 -1 -1 5 -1 9 -1 -1 -1 0 -1 -1 -1 -1 -1 -1 8 -1 6 -1 5 1 -1 -1 -1 -1 -1 -1 -1 4 7 8 -1 9 0 -1 -1 -1 11 9 0 1 2 3 7 6 8 4 5 10 10 8 5 7 4 0 1 2 3 6 9 11 9 6 4 8 1 2 3 10 11 7 0 5 -1 1 -1 -1 3 -1 0 7 -1 -1 -1 -1 6 -1 -1 5 -1 -1 -1 3 10 -1 -1 -1 -1 -1 -1 -1 -1 -1 -1 -1 -1 -1 -1 -1 -1 -1 -1 -1 -1 -1 -1 -1 -1 -1 -1 -1 -1 -1 -1 -1 -1 -1 -1 5 -1 -1 -1 -1
1 -1 3 -1 10 -1 2 -1 9 -1 -1 -1 -1 5 -1 9 -1 -1 -1 0 -1 -1 -1 -1 -1 -1 8 -1 6 -1 5 1 -1 -1 -1 -1 -1 -1 -1 4 7 8 -1 9 0 -1 -1 -1 11 9 0 1 2 3 7 6 8 4 5 10 10 8 5 7 4 0 1 2 3 6 9 11 9 6 4 8 1 2 3 10 11 7 0 5 -1 1 -1 -1 3 -1 0 7 -1 5 -1 -1 6 -1 -1 5 -1 -1 -1 3 10 -1 -1 -1 -1 -1 -1 -1 -1 -1 -1 -1 -1 -1 -1 -1 -1 -1 -1 -1 -1 -1 -1 -1 -1 -1 -1 -1 -1 -1 -1 -1 -1 -1 -1 5 -1 -1 -1 -1
1 -1 3 -1 10 -1 2 -1 9 -1 -1 -1 -1 5 -1 9 -1 -1 -1 0 -1 -1 -1 -1 -1 -1 8 -1 6 -1 5 1 4 -1 -1 -1 -1 -1 -1 4 7 8 -1 9 0 -1 -1 -1 11 9 0 1 2 3 7 6 8 4 5 10 10 8 5 7 4 0 1 2 3 6 9 11 9 6 4 8 1 2 3 10 11 7 0 5 -1 1 -1 -1 3 -1 0 7 -1 5 -1 -1 6 -1 -1 5 -1 -1 -1 3 10 -1 -1 -1 -1 -1 -1 -1 -1 -1 -1 -1 -1 -1 -1 -1 -1 -1 -1 -1 -1 -1 -1 -1 -1 -1 -1 -1 -1 -1 -1 -1 -1 -1 -1 5 -1 -1 -1 -1
1 -1 3 -1 10 -1 2 -1 9 -1 -1 -1 -1 5 -1 9 -1 -1 -1 0 -1 -1 -1 -1 -1 -1 8 -1 6 -1 5 1 4 -1 -1 -1 2 -1 -1 4 7 8 -1 9 0 -1 -1 -1 11 9 0 1 2 3 7 6 8 4 5 10 10 8 5 7 4 0 1 2 3 6 9 11 9 6 4 8 1 2 3 10 11 7 0 5 -1 1 -1 -1 3 -1 0 7 -1 5 -1 -1 6 -1 -1 5 -1 -1 -1 3 10 -1 -1 -1 -1 -1 -1 -1 -1 -1 -1 -1 -1 -1 -1 -1 -1 -1 -1 -1 -1 -1 -1 -1 -1 -1 -1 -1 -1 -1 -1 -1 -1 -1 -1 5 -1 -1 -1 -1
1 -1 3 -1 10 -1 2 -1 9 -1 -1 -1 -1 5 -1 9 -1 -1 -1 0 -1 -1 -1 -1 12 -1 8 -1 6 -1 5 1 4 -1 -1 -1 2 -1 -1 4 7 8 -1 9 0 -1 -1 -1 11 9 0 1 2 3 7 6 8 4 5 10 10 8 5 7 4 0 1 2 3 6 9 11 9 6 4 8 1 2 3 10 11 7 0 5 -1 1 -1 -1 3 -1 0 7 -1 5 -1 -1 6 -1 -1 5 -1 -1 -1 3 10 -1 -1 -1 -1 -1 -1 -1 -1 -1 -1 -1 -1 -1 -1 -1 -1 -1 -1 -1 -1 -1 -1 -1 -1 -1 -1 -1 -1 -1 -1 -1 -1 -1 -1 5 -1 -1 -1 -1
1 -1 3 -1 10 -1 2 -1 9 -1 -1 -1 -1 5 -1 9 -1 -1 -1 0 -1 -1 -1 -1 12 -1 8 -1 6 -1 5 1 4 -1 -1 -1 2 3 -1 4 7 8 -1 9 0 -1 -1 -1 11 9 0 1 2 3 7 6 8 4 5 10 10 8 5 7 4 0 1 2 3 6 9 11 9 6 4 8 1 2 3 10 11 7 0 5 -1 1 -1 -1 3 -1 0 7 -1 5 -1 -1 6 -1 -1 5 -1 -1 -1 3 10 -1 -1 -1 -1 -1 -1 -1 -1 -1 -1 -1 -1 -1 -1 -1 -1 -1 -1 -1 -1 -1 -1 -1 -1 -1 -1 -1 -1 -1 -1 -1 -1 -1 -1 5 -1 -1 -1 -1
1 -1 3 -1 10 -1 2 -1 9 -1 -1 -1 -1 5 -1 9 -1 -1 -1 0 -1 -1 -1 -1 12 -1 8 -1 6 -1 5 1 4 -1 -1 -1 2 3 -1 4 7 8 -1 9 0 -1 -1 -1 11 9 0 1 2 3 7 6 8 4 5 10 10 8 5 7 4 0 1 2 3 6 9 11 9 6 4 8 1 2 3 10 11 7 0 5 -1 1 -1 -1 3 -1 0 7 -1 5 -1 -1 6 -1 -1 5 -1 -1 -1 3 10 -1 -1 -1 -1 -1 -1 -1 -1 -1 -1 -1 -1 -1 -1 -1 -1 -1 -1 -1 -1 -1 -1 -1 2 -1 -1 -1 -1 -1 -1 -1 -1 -1 -1 5 -1 -1 -1 -1
1 -1 3 -1 10 -1 2 -1 9 -1 -1 -1 -1 5 -1 9 -1 -1 -1 0 -1 -1 -1 -1 12 -1 8 -1 6 -1 5 1 4 9 -1 -1 2 3 -1 4 7 8 -1 9 0 -1 -1 -1 11 9 0 1 2 3 7 6 8 4 5 10 10 8 5 7 4 0 1 2 3 6 9 11 9 6 4 8 1 2 3 10 11 7 0 5 -1 1 -1 -1 3 -1 0 7 -1 5 -1 -1 6 -1 -1 5 -1 -1 -1 3 10 -1 -1 -1 -1 -1 -1 -1 -1 -1 -1 -1 -1 -1 -1 -1 -1 -1 -1 -1 -1 -1 -1 -1 2 -1 -1 -1 -1 -1 -1 -1 -1 -1 -1 5 -1 -1 -1 -1
1 -1 3 -1 10 -1 2 -1 9 -1 -1 -1 -1 5 -1 9 -1 -1 -1 0 -1 -1 -1 -1 12 -1 8 -1 6 -1 5 1 4 9 -1 -1 2 3 -1 4 7 8 -1 9 0 -1 -1 -1 11 9 0 1 2 3 7 6 8 4 5 10 10 8 5 7 4 0 1 2 3 6 9 11 9 6 4 8 1 2 3 10 11 7 0 5 -1 1 -1 -1 3 -1 0 7 -1 5 -1 -1 6 -1 -1 5 -1 -1 -1 3 10 -1 -1 -1 -1 -1 -1 -1 -1 -1 -1 -1 -1 11 -1 -1 -1 -1 -1 -1 -1 -1 -1 -1 2 -1 -1 -1 -1 -1 -1 -1 -1 -1 -1 5 -1 -1 -1 -1
1 -1 3 -1 10 -1 2 -1 9 -1 -1 -1 -1 5 -1 9 -1 -1 -1 0 -1 -1 -1 -1 12 -1 8 -1 6 -1 5 1 4 9 -1 -1 2 3 -1 4 7 8 -1 9 0 -1 -1 -1 11 9 0 1 2 3 7 6 8 4 5 10 10 8 5 7 4 0 1 2 3 6 9 11 9 6 4 8 1 2 3 10 11 7 0 5 -1 1 -1 -1 3 -1 0 7 -1 5 -1 -1 6 -1 -1 5 -1 -1 -1 3 10 -1 -1 -1 -1 -1 -1 -1 -1 -1 -1 -1 -1 11 -1 -1 -1 -1 -1 -1 -1 -1 -1 -1 2 -1 6 -1 -1 -1 -1 -1 -1 -1 -1 5 -1 -1 -1 -1
1 -1 3 -1 10 -1 2 -1 9 -1 -1 -1 -1 5 -1 9 -1 -1 -1 0 -1 -1 -1 -1 12 -1 8 -1 6 -1 5 1 4 9 -1 -1 2 3 -1 4 7 8 -1 9 0 -1 -1 -1 11 9 0 1 2 3 7 6 8 4 5 10 10 8 5 7 4 0 1 2 3 6 9 11 9 6 4 8 1 2 3 10 11 7 0 5 -1 1 -1 -1 3 -1 0 7 -1 5 -1 -1 6 -1 -1 5 -1 -1 -1 3 10 -1 -1 -1 -1 -1 -1 -1 -1 -1 -1 -1 -1 11 -1 -1 -1 -1 -1 11 -1 -1 -1 -1 2 -1 6 -1 -1 -1 -1 -1 -1 -1 -1 5 -1 -1 -1 -1
1 -1 3 -1 10 -1 2 -1 9 -1 -1 -1 -1 5 -1 9 -1 -1 -1 0 -1 -1 -1 -1 12 -1 8 -1 6 10 5 1 4 9 -1 -1 2 3 -1 4 7 8 -1 9 0 -1 -1 -1 11 9 0 1 2 3 7 6 8 4 5 10 10 8 5 7 4 0 1 2 3 6 9 11 9 6 4 8 1 2 3 10 11 7 0 5 -1 1 -1 -1 3 -1 0 7 -1 5 -1 -1 6 -1 -1 5 -1 -1 -1 3 10 -1 -1 -1 -1 -1 -1 -1 -1 -1 -1 -1 -1 11 -1 -1 -1 -1 -1 11 -1 -1 -1 -1 2 -1 6 -1 -1 -1 -1 -1 -1 -1 -1 5 -1 -1 -1 -1
1 -1 3 -1 10 -1 2 -1 9 -1 -1 -1 -1 5 -1 9 -1 -1 -1 0 -1 -1 -1 -1 12 -1 8 -1 6 10 5 1 4 9 7 -1 2 3 -1 4 7 8 -1 9 0 -1 -1 -1 11 9 0 1 2 3 7 6 8 4 5 10 10 8 5 7 4 0 1 2 3 6 9 11 9 6 4 8 1 2 3 10 11 7 0 5 -1 1 -1 -1 3 -1 0 7 -1 5 -1 -1 6 -1 -1 5 -1 -1 -1 3 10 -1 -1 -1 -1 -1 -1 -1 -1 -1 -1 -1 -1 11 -1 -1 -1 -1 -1 11 -1 -1 -1 -1 2 -1 6 -1 -1 -1 -1 -1 -1 -1 -1 5 -1 -1 -1 -1
1 -1 3 -1 10 -1 2 -1 9 -1 -1 -1 -1 5 -1 9 -1 -1 -1 0 -1 -1 -1 -1 12 -1 8 -1 6 10 5 1 4 9 7 2 2 3 -1 4 7 8 -1 9 0 -1 -1 -1 11 9 0 1 2 3 7 6 8 4 5 10 10 8 5 7 4 0 1 2 3 6 9 11 9 6 4 8 1 2 3 10 11 7 0 5 -1 1 -1 -1 3 -1 0 7 -1 5 -1 -1 6 -1 -1 5 -1 -1 -1 3 10 -1 -1 -1 -1 -1 -1 -1 -1 -1 -1 -1 -1 11 -1 -1 -1 -1 -1 11 -1 -1 -1 -1 2 -1 6 -1 -1 -1 -1 -1 -1 -1 -1 5 -1 -1 -1 -1
1 -1 3 -1 10 -1 2 -1 9 -1 -1 -1 -1 5 -1 9 -1 -1 -1 0 -1 -1 -1 -1 12 -1 8 0 6 10 5 1 4 9 7 2 2 3 -1 4 7 8 -1 9 0 -1 -1 -1 11 9 0 1 2 3 7 6 8 4 5 10 10 8 5 7 4 0 1 2 3 6 9 11 9 6 4 8 1 2 3 10 11 7 0 5 -1 1 -1 -1 3 -1 0 7 -1 5 -1 -1 6 -1 -1 5 -1 -1 -1 3 10 -1 -1 -1 -1 -1 -1 -1 -1 -1 -1 -1 -1 11 -1 -1 -1 -1 -1 11 -1 -1 -1 -1 2 -1 6 -1 -1 -1 -1 -1 -1 -1 -1 5 -1 -1 -1 -1
1 -1 3 12 10 -1 2 -1 9 -1 -1 -1 -1 5 -1 9 -1 -1 -1 0 -1 -1 -1 -1 12 -1 8 0 6 10 5 1 4 9 7 2 2 3 -1 4 7 8 -1 9 0 -1 -1 -1 11 9 0 1 2 3 7 6 8 4 5 10 10 8 5 7 4 0 1 2 3 6 9 11 9 6 4 8 1 2 3 10 11 7 0 5 -1 1 -1 -1 3 -1 0 7 -1 5 -1 -1 6 -1 -1 5 -1 -1 -1 3 10 -1 -1 -1 -1 -1 -1 -1 -1 -1 -1 -1 -1 11 -1 -1 -1 -1 -1 11 -1 -1 -1 -1 2 -1 6 -1 -1 -1 -1 -1 -1 -1 -1 5 -1 -1 -1 -1
1 -1 3 12 10 -1 2 -1 9 -1 -1 -1 -1 5 -1 9 -1 -1 -1 0 -1 -1 -1 -1 12 -1 8 0 6 10 5 1 4 9 7 2 2 3 -1 4 7 8 11 9 0 -1 -1 -1 11 9 0 1 2 3 7 6 8 4 5 10 10 8 5 7 4 0 1 2 3 6 9 11 9 6 4 8 1 2 3 10 11 7 0 5 -1 1 -1 -1 3 -1 0 7 -1 5 -1 -1 6 -1 -1 5 -1 -1 -1 3 10 -1 -1 -1 -1 -1 -1 -1 -1 -1 -1 -1 -1 11 -1 -1 -1 -1 -1 11 -1 -1 -1 -1 2 -1 6 -1 -1 -1 -1 -1 -1 -1 -1 5 -1 -1 -1 -1
1 -1 3 12 10 -1 2 -1 9 -1 -1 -1 -1 5 -1 9 8 -1 -1 0 -1 -1 -1 -1 12 -1 8 0 6 10 5 1 4 9 7 2 2 3 -1 4 7 8 11 9 0 -1 -1 -1 11 9 0 1 2 3 7 6 8 4 5 10 10 8 5 7 4 0 1 2 3 6 9 11 9 6 4 8 1 2 3 10 11 7 0 5 -1 1 -1 -1 3 -1 0 7 -1 5 -1 -1 6 -1 -1 5 -1 -1 -1 3 10 -1 -1 -1 -1 -1 -1 -1 -1 -1 -1 -1 -1 11 -1 -1 -1 -1 -1 11 -1 -1 -1 -1 2 -1 6 -1 -1 -1 -1 -1 -1 -1 -1 5 -1 -1 -1 -1
1 -1 3 12 10 -1 2 -1 9 -1 -1 -1 7 5 -1 9 8 -1 -1 0 -1 -1 -1 -1 12 -1 8 0 6 10 5 1 4 9 7 2 2 3 -1 4 7 8 11 9 0 -1 -1 -1 11 9 0 1 2 3 7 6 8 4 5 10 10 8 5 7 4 0 1 2 3 6 9 11 9 6 4 8 1 2 3 10 11 7 0 5 -1 1 -1 -1 3 -1 0 7 -1 5 -1 -1 6 -1 -1 5 -1 -1 -1 3 10 -1 -1 -1 -1 -1 -1 -1 -1 -1 -1 -1 -1 11 -1 -1 -1 -1 -1 11 -1 -1 -1 -1 2 -1 6 -1 -1 -1 -1 -1 -1 -1 -1 5 -1 -1 -1 -1
1 -1 3 12 10 -1 2 -1 9 0 -1 -1 7 5 -1 9 8 -1 -1 0 -1 -1 -1 -1 12 -1 8 0 6 10 5 1 4 9 7 2 2 3 -1 4 7 8 11 9 0 -1 -1 -1 11 9 0 1 2 3 7 6 8 4 5 10 10 8 5 7 4 0 1 2 3 6 9 11 9 6 4 8 1 2 3 10 11 7 0 5 -1 1 -1 -1 3 -1 0 7 -1 5 -1 -1 6 -1 -1 5 -1 -1 -1 3 10 -1 -1 -1 -1 -1 -1 -1 -1 -1 -1 -1 -1 11 -1 -1 -1 -1 -1 11 -1 -1 -1 -1 2 -1 6 -1 -1 -1 -1 -1 -1 -1 -1 5 -1 -1 -1 -1
1 -1 3 12 10 -1 2 -1 9 0 -1 -1 7 5 -1 9 8 -1 -1 0 -1 -1 -1 -1 12 -1 8 0 6 10 5 1 4 9 7 2 2 3 -1 4 7 8 11 9 0 -1 -1 -1 11 9 0 1 2 3 7 6 8 4 5 10 10 8 5 7 4 0 1 2 3 6 9 11 9 6 4 8 1 2 3 10 11 7 0 5 -1 1 -1 -1 3 -1 0 7 -1 5 -1 -1 6 -1 -1 5 -1 -1 -1 3 10 -1 -1 -1 5 -1 -1 -1 -1 -1 -1 -1 -1 11 -1 -1 -1 -1 -1 11 -1 -1 -1 -1 2 -1 6 -1 -1 -1 -1 -1 -1 -1 -1 5 -1 -1 -1 -1
1 -1 3 12 10 -1 2 -1 9 0 -1 -1 7 5 -1 9 8 -1 12 0 -1 -1 -1 -1 12 -1 8 0 6 10 5 1 4 9 7 2 2 3 -1 4 7 8 11 9 0 -1 -1 -1 11 9 0 1 2 3 7 6 8 4 5 10 10 8 5 7 4 0 1 2 3 6 9 11 9 6 4 8 1 2 3 10 11 7 0 5 -1 1 -1 -1 3 -1 0 7 -1 5 -1 -1 6 -1 -1 5 -1 -1 -1 3 10 -1 -1 -1 5 -1 -1 -1 -1 -1 -1 -1 -1 11 -1 -1 -1 -1 -1 11 -1 -1 -1 -1 2 -1 6 -1 -1 -1 -1 -1 -1 -1 -1 5 -1 -1 -1 -1
1 -1 3 12 10 -1 2 -1 9 0 -1 -1 7 5 -1 9 8 -1 12 0 -1 -1 -1 -1 12 -1 8 0 6 10 5 1 4 9 7 2 2 3 -1 4 7 8 11 9 0 -1 -1 -1 11 9 0 1 2 3 7 6 8 4 5 10 10 8 5 7 4 0 1 2 3 6 9 11 9 6 4 8 1 2 3 10 11 7 0 5 -1 1 -1 -1 3 -1 0 7 -1 5 -1 -1 6 -1 -1 5 -1 -1 -1 3 10 -1 -1 -1 5 -1 -1 -1 -1 -1 -1 -1 -1 11 -1 -1 -1 -1 -1 11 -1 -1 9 -1 2 -1 6 -1 -1 -1 -1 -1 -1 -1 -1 5 -1 -1 -1 -1
1 -1 3 12 10 -1 2 -1 9 0 -1 -1 7 5 -1 9 8 -1 12 0 6 -1 -1 -1 12 -1 8 0 6 10 5 1 4 9 7 2 2 3 -1 4 7 8 11 9 0 -1 -1 -1 11 9 0 1 2 3 7 6 8 4 5 10 10 8 5 7 4 0 1 2 3 6 9 11 9 6 4 8 1 2 3 10 11 7 0 5 -1 1 -1 -1 3 -1 0 7 -1 5 -1 -1 6 -1 -1 5 -1 -1 -1 3 10 -1 -1 -1 5 -1 -1 -1 -1 -1 -1 -1 -1 11 -1 -1 -1 -1 -1 11 -1 -1 9 -1 2 -1 6 -1 -1 -1 -1 -1 -1 -1 -1 5 -1 -1 -1 -1
1 -1 3 12 10 -1 2 -1 9 0 -1 -1 7 5 -1 9 8 -1 12 0 6 -1 -1 -1 12 -1 8 0 6 10 5 1 4 9 7 2 2 3 -1 4 7 8 11 9 0 -1 -1 -1 11 9 0 1 2 3 7 6 8 4 5 10 10 8 5 7 4 0 1 2 3 6 9 11 9 6 4 8 1 2 3 10 11 7 0 5 -1 1 -1 -1 3 -1 0 7 -1 5 -1 -1 6 -1 -1 5 -1 -1 -1 3 10 -1 -1 -1 5 -1 -1 -1 -1 -1 -1 -1 12 11 -1 -1 -1 -1 -1 11 -1 -1 9 -1 2 -1 6 -1 -1 -1 -1 -1 -1 -1 -1 5 -1 -1 -1 -1
1 -1 3 12 10 -1 2 -1 9 0 -1 -1 7 5 -1 9 8 -1 12 0 6 -1 -1 -1 12 -1 8 0 6 10 5 1 4 9 7 2 2 3 -1 4 7 8 11 9 0 -1 -1 -1 11 9 0 1 2 3 7 6 8 4 5 10 10 8 5 7 4 0 1 2 3 6 9 11 9 6 4 8 1 2 3 10 11 7 0 5 -1 1 -1 -1 3 -1 0 7 13 5 -1 -1 6 -1 -1 5 -1 -1 -1 3 10 -1 -1 -1 5 -1 -1 -1 -1 -1 -1 -1 12 11 -1 -1 -1 -1 -1 11 -1 -1 9 -1 2 -1 6 -1 -1 -1 -1 -1 -1 -1 -1 5 -1 -1 -1 -1
1 -1 3 12 10 -1 2 -1 9 0 -1 -1 7 5 11 9 8 -1 12 0 6 -1 -1 -1 12 -1 8 0 6 10 5 1 4 9 7 2 2 3 -1 4 7 8 11 9 0 -1 -1 -1 11 9 0 1 2 3 7 6 8 4 5 10 10 8 5 7 4 0 1 2 3 6 9 11 9 6 4 8 1 2 3 10 11 7 0 5 -1 1 -1 -1 3 -1 0 7 13 5 -1 -1 6 -1 -1 5 -1 -1 -1 3 10 -1 -1 -1 5 -1 -1 -1 -1 -1 -1 -1 12 11 -1 -1 -1 -1 -1 11 -1 -1 9 -1 2 -1 6 -1 -1 -1 -1 -1 -1 -1 -1 5 -1 -1 -1 -1
1 4 3 12 10 -1 2 -1 9 0 -1 -1 7 5 11 9 8 -1 12 0 6 -1 -1 -1 12 -1 8 0 6 10 5 1 4 9 7 2 2 3 -1 4 7 8 11 9 0 -1 -1 -1 11 9 0 1 2 3 7 6 8 4 5 10 10 8 5 7 4 0 1 2 3 6 9 11 9 6 4 8 1 2 3 10 11 7 0 5 -1 1 -1 -1 3 -1 0 7 13 5 -1 -1 6 -1 -1 5 -1 -1 -1 3 10 -1 -1 -1 5 -1 -1 -1 -1 -1 -1 -1 12 11 -1 -1 -1 -1 -1 11 -1 -1 9 -1 2 -1 6 -1 -1 -1 -1 -1 -1 -1 -1 5 -1 -1 -1 -1
1 4 3 12 10 -1 2 -1 9 0 -1 -1 7 5 11 9 8 -1 12 0 6 -1 -1 -1 12 13 8 0 6 10 5 1 4 9 7 2 2 3 -1 4 7 8 11 9 0 -1 -1 -1 11 9 0 1 2 3 7 6 8 4 5 10 10 8 5 7 4 0 1 2 3 6 9 11 9 6 4 8 1 2 3 10 11 7 0 5 -1 1 -1 -1 3 -1 0 7 13 5 -1 -1 6 -1 -1 5 -1 -1 -1 3 10 -1 -1 -1 5 -1 -1 -1 -1 -1 -1 -1 12 11 -1 -1 -1 -1 -1 11 -1 -1 9 -1 2 -1 6 -1 -1 -1 -1 -1 -1 -1 -1 5 -1 -1 -1 -1
1 4 3 12 10 -1 2 -1 9 0 -1 -1 7 5 11 9 8 -1 12 0 6 -1 -1 -1 12 13 8 0 6 10 5 1 4 9 7 2 2 3 6 4 7 8 11 9 0 -1 -1 -1 11 9 0 1 2 3 7 6 8 4 5 10 10 8 5 7 4 0 1 2 3 6 9 11 9 6 4 8 1 2 3 10 11 7 0 5 -1 1 -1 -1 3 -1 0 7 13 5 -1 -1 6 -1 -1 5 -1 -1 -1 3 10 -1 -1 -1 5 -1 -1 -1 -1 -1 -1 -1 12 11 -1 -1 -1 -1 -1 11 -1 -1 9 -1 2 -1 6 -1 -1 -1 -1 -1 -1 -1 -1 5 -1 -1 -1 -1
1 4 3 12 10 -1 2 -1 9 0 -1 -1 7 5 11 9 8 -1 12 0 6 -1 -1 -1 12 13 8 0 6 10 5 1 4 9 7 2 2 3 6 4 7 8 11 9 0 -1 -1 -1 11 9 0 1 2 3 7 6 8 4 5 10 10 8 5 7 4 0 1 2 3 6 9 11 9 6 4 8 1 2 3 10 11 7 0 5 -1 1 -1 -1 3 -1 0 7 13 5 -1 -1 6 -1 -1 5 -1 -1 -1 3 10 -1 -1 -1 5 -1 -1 -1 -1 1 -1 -1 12 11 -1 -1 -1 -1 -1 11 -1 -1 9 -1 2 -1 6 -1 -1 -1 -1 -1 -1 -1 -1 5 -1 -1 -1 -1
1 4 3 12 10 -1 2 -1 9 0 -1 -1 7 5 11 9 8 13 12 0 6 -1 -1 -1 12 13 8 0 6 10 5 1 4 9 7 2 2 3 6 4 7 8 11 9 0 -1 -1 -1 11 9 0 1 2 3 7 6 8 4 5 10 10 8 5 7 4 0 1 2 3 6 9 11 9 6 4 8 1 2 3 10 11 7 0 5 -1 1 -1 -1 3 -1 0 7 13 5 -1 -1 6 -1 -1 5 -1 -1 -1 3 10 -1 -1 -1 5 -1 -1 -1 -1 1 -1 -1 12 11 -1 -1 -1 -1 -1 11 -1 -1 9 -1 2 -1 6 -1 -1 -1 -1 -1 -1 -1 -1 5 -1 -1 -1 -1
1 4 3 12 10 -1 2 -1 9 0 -1 -1 7 5 11 9 8 13 12 0 6 -1 -1 -1 12 13 8 0 6 10 5 1 4 9 7 2 2 3 6 4 7 8 11 9 0 -1 -1 -1 11 9 0 1 2 3 7 6 8 4 5 10 10 8 5 7 4 0 1 2 3 6 9 11 9 6 4 8 1 2 3 10 11 7 0 5 -1 1 -1 -1 3 -1 0 7 13 5 -1 -1 6 -1 -1 5 -1 -1 -1 3 10 -1 -1 -1 5 -1 -1 -1 -1 1 -1 -1 12 11 2 -1 -1 -1 -1 11 -1 -1 9 -1 2 -1 6 -1 -1 -1 -1 -1 -1 -1 -1 5 -1 -1 -1 -1
1 4 3 12 10 -1 2 -1 9 0 -1 -1 7 5 11 9 8 13 12 0 6 -1 -1 -1 12 13 8 0 6 10 5 1 4 9 7 2 2 3 6 4 7 8 11 9 0 -1 -1 -1 11 9 0 1 2 3 7 6 8 4 5 10 10 8 5 7 4 0 1 2 3 6 9 11 9 6 4 8 1 2 3 10 11 7 0 5 -1 1 -1 -1 3 -1 0 7 13 5 -1 -1 6 -1 -1 5 -1 -1 -1 3 10 -1 -1 -1 5 10 -1 -1 -1 1 -1 -1 12 11 2 -1 -1 -1 -1 11 -1 -1 9 -1 2 -1 6 -1 -1 -1 -1 -1 -1 -1 -1 5 -1 -1 -1 -1
1 4 3 12 10 -1 2 -1 9 0 -1 -1 7 5 11 9 8 13 12 0 6 -1 -1 -1 12 13 8 0 6 10 5 1 4 9 7 2 2 3 6 4 7 8 11 9 0 -1 -1 -1 11 9 0 1 2 3 7 6 8 4 5 10 10 8 5 7 4 0 1 2 3 6 9 11 9 6 4 8 1 2 3 10 11 7 0 5 -1 1 -1 -1 3 -1 0 7 13 5 -1 -1 6 -1 -1 5 -1 -1 -1 3 10 8 -1 -1 5 10 -1 -1 -1 1 -1 -1 12 11 2 -1 -1 -1 -1 11 -1 -1 9 -1 2 -1 6 -1 -1 -1 -1 -1 -1 -1 -1 5 -1 -1 -1 -1
1 4 3 12 10 -1 2 -1 9 0 -1 -1 7 5 11 9 8 13 12 0 6 -1 -1 -1 12 13 8 0 6 10 5 1 4 9 7 2 2 3 6 4 7 8 11 9 0 -1 -1 -1 11 9 0 1 2 3 7 6 8 4 5 10 10 8 5 7 4 0 1 2 3 6 9 11 9 6 4 8 1 2 3 10 11 7 0 5 -1 1 -1 -1 3 -1 0 7 13 5 -1 -1 6 -1 -1 5 -1 -1 -1 3 10 8 -1 -1 5 10 -1 -1 -1 1 -1 -1 12 11 2 -1 -1 -1 -1 11 -1 -1 9 -1 2 -1 6 12 -1 -1 -1 -1 -1 -1 -1 5 -1 -1 -1 -1
1 4 3 12 10 -1 2 -1 9 0 -1 -1 7 5 11 9 8 13 12 0 6 -1 -1 -1 12 13 8 0 6 10 5 1 4 9 7 2 2 3 6 4 7 8 11 9 0 -1 -1 -1 11 9 0 1 2 3 7 6 8 4 5 10 10 8 5 7 4 0 1 2 3 6 9 11 9 6 4 8 1 2 3 10 11 7 0 5 -1 1 -1 -1 3 -1 0 7 13 5 -1 -1 6 -1 -1 5 -1 -1 -1 3 10 8 -1 -1 5 10 -1 -1 -1 1 -1 -1 12 11 2 -1 -1 -1 -1 11 -1 4 9 -1 2 -1 6 12 -1 -1 -1 -1 -1 -1 -1 5 -1 -1 -1 -1
1 4 3 12 10 -1 2 -1 9 0 -1 -1 7 5 11 9 8 13 12 0 6 -1 -1 -1 12 13 8 0 6 10 5 1 4 9 7 2 2 3 6 4 7 8 11 9 0 -1 -1 -1 11 9 0 1 2 3 7 6 8 4 5 10 10 8 5 7 4 0 1 2 3 6 9 11 9 6 4 8 1 2 3 10 11 7 0 5 -1 1 -1 -1 3 -1 0 7 13 5 -1 -1 6 -1 -1 5 -1 -1 -1 3 10 8 -1 -1 5 10 -1 -1 -1 1 -1 -1 12 11 2 -1 -1 -1 -1 11 -1 4 9 -1 2 -1 6 12 -1 -1 -1 -1 -1 -1 13 5 -1 -1 -1 -1
1 4 3 12 10 -1 2 -1 9 0 -1 -1 7 5 11 9 8 13 12 0 6 -1 -1 -1 12 13 8 0 6 10 5 1 4 9 7 2 2 3 6 4 7 8 11 9 0 -1 -1 -1 11 9 0 1 2 3 7 6 8 4 5 10 10 8 5 7 4 0 1 2 3 6 9 11 9 6 4 8 1 2 3 10 11 7 0 5 -1 1 -1 -1 3 -1 0 7 13 5 -1 -1 6 -1 -1 5 -1 -1 -1 3 10 8 -1 -1 5 10 -1 -1 -1 1 -1 -1 12 11 2 -1 -1 -1 -1 11 -1 4 9 14 2 -1 6 12 -1 -1 -1 -1 -1 -1 13 5 -1 -1 -1 -1
1 4 3 12 10 -1 2 -1 9 0 -1 -1 7 5 11 9 8 13 12 0 6 -1 -1 -1 12 13 8 0 6 10 5 1 4 9 7 2 2 3 6 4 7 8 11 9 0 -1 -1 -1 11 9 0 1 2 3 7 6 8 4 5 10 10 8 5 7 4 0 1 2 3 6 9 11 9 6 4 8 1 2 3 10 11 7 0 5 -1 1 -1 -1 3 -1 0 7 13 5 4 -1 6 -1 -1 5 -1 -1 -1 3 10 8 -1 -1 5 10 -1 -1 -1 1 -1 -1 12 11 2 -1 -1 -1 -1 11 -1 4 9 14 2 -1 6 12 -1 -1 -1 -1 -1 -1 13 5 -1 -1 -1 -1
1 4 3 12 10 -1 2 -1 9 0 -1 -1 7 5 11 9 8 13 12 0 6 -1 -1 -1 12 13 8 0 6 10 5 1 4 9 7 2 2 3 6 4 7 8 11 9 0 -1 -1 -1 11 9 0 1 2 3 7 6 8 4 5 10 10 8 5 7 4 0 1 2 3 6 9 11 9 6 4 8 1 2 3 10 11 7 0 5 -1 1 -1 -1 3 -1 0 7 13 5 4 14 6 -1 -1 5 -1 -1 -1 3 10 8 -1 -1 5 10 -1 -1 -1 1 -1 -1 12 11 2 -1 -1 -1 -1 11 -1 4 9 14 2 -1 6 12 -1 -1 -1 -1 -1 -1 13 5 -1 -1 -1 -1
1 4 3 12 10 -1 2 -1 9 0 -1 -1 7 5 11 9 8 13 12 0 6 -1 -1 -1 12 13 8 0 6 10 5 1 4 9 7 2 2 3 6 4 7 8 11 9 0 -1 -1 -1 11 9 0 1 2 3 7 6 8 4 5 10 10 8 5 7 4 0 1 2 3 6 9 11 9 6 4 8 1 2 3 10 11 7 0 5 -1 1 -1 -1 3 -1 0 7 13 5 4 14 6 -1 -1 5 -1 -1 -1 3 10 8 -1 -1 5 10 -1 -1 -1 1 -1 -1 12 11 2 -1 -1 -1 -1 11 -1 4 9 14 2 -1 6 12 -1 -1 -1 -1 -1 -1 13 5 -1 -1 -1 9
1 4 3 12 10 -1 2 -1 9 0 -1 -1 7 5 11 9 8 13 12 0 6 -1 -1 -1 12 13 8 0 6 10 5 1 4 9 7 2 2 3 6 4 7 8 11 9 0 -1 -1 -1 11 9 0 1 2 3 7 6 8 4 5 10 10 8 5 7 4 0 1 2 3 6 9 11 9 6 4 8 1 2 3 10 11 7 0 5 -1 1 -1 -1 3 -1 0 7 13 5 4 14 6 -1 -1 5 -1 -1 -1 3 10 8 -1 -1 5 10 -1 -1 -1 1 -1 -1 12 11 2 -1 -1 7 -1 11 -1 4 9 14 2 -1 6 12 -1 -1 -1 -1 -1 -1 13 5 -1 -1 -1 9
1 4 3 12 10 -1 2 -1 9 0 -1 -1 7 5 11 9 8 13 12 0 6 -1 -1 -1 12 13 8 0 6 10 5 1 4 9 7 2 2 3 6 4 7 8 11 9 0 -1 -1 13 11 9 0 1 2 3 7 6 8 4 5 10 10 8 5 7 4 0 1 2 3 6 9 11 9 6 4 8 1 2 3 10 11 7 0 5 -1 1 -1 -1 3 -1 0 7 13 5 4 14 6 -1 -1 5 -1 -1 -1 3 10 8 -1 -1 5 10 -1 -1 -1 1 -1 -1 12 11 2 -1 -1 7 -1 11 -1 4 9 14 2 -1 6 12 -1 -1 -1 -1 -1 -1 13 5 -1 -1 -1 9
1 4 3 12 10 -1 2 -1 9 0 -1 -1 7 5 11 9 8 13 12 0 6 -1 -1 -1 12 13 8 0 6 10 5 1 4 9 7 2 2 3 6 4 7 8 11 9 0 -1 -1 13 11 9 0 1 2 3 7 6 8 4 5 10 10 8 5 7 4 0 1 2 3 6 9 11 9 6 4 8 1 2 3 10 11 7 0 5 -1 1 -1 -1 3 -1 0 7 13 5 4 14 6 -1 -1 5 -1 -1 -1 3 10 8 -1 -1 5 10 -1 -1 -1 1 -1 -1 12 11 2 -1 -1 7 -1 11 0 4 9 14 2 -1 6 12 -1 -1 -1 -1 -1 -1 13 5 -1 -1 -1 9
1 4 3 12 10 -1 2 -1 9 0 -1 8 7 5 11 9 8 13 12 0 6 -1 -1 -1 12 13 8 0 6 10 5 1 4 9 7 2 2 3 6 4 7 8 11 9 0 -1 -1 13 11 9 0 1 2 3 7 6 8 4 5 10 10 8 5 7 4 0 1 2 3 6 9 11 9 6 4 8 1 2 3 10 11 7 0 5 -1 1 -1 -1 3 -1 0 7 13 5 4 14 6 -1 -1 5 -1 -1 -1 3 10 8 -1 -1 5 10 -1 -1 -1 1 -1 -1 12 11 2 -1 -1 7 -1 11 0 4 9 14 2 -1 6 12 -1 -1 -1 -1 -1 -1 13 5 -1 -1 -1 9
1 4 3 12 10 -1 2 -1 9 0 -1 8 7 5 11 9 8 13 12 0 6 -1 -1 -1 12 13 8 0 6 10 5 1 4 9 7 2 2 3 6 4 7 8 11 9 0 -1 -1 13 11 9 0 1 2 3 7 6 8 4 5 10 10 8 5 7 4 0 1 2 3 6 9 11 9 6 4 8 1 2 3 10 11 7 0 5 8 1 -1 -1 3 -1 0 7 13 5 4 14 6 -1 -1 5 -1 -1 -1 3 10 8 -1 -1 5 10 -1 -1 -1 1 -1 -1 12 11 2 -1 -1 7 -1 11 0 4 9 14 2 -1 6 12 -1 -1 -1 -1 -1 -1 13 5 -1 -1 -1 9
1 4 3 12 10 -1 2 -1 9 0 -1 8 7 5 11 9 8 13 12 0 6 -1 -1 -1 12 13 8 0 6 10 5 1 4 9 7 2 2 3 6 4 7 8 11 9 0 -1 -1 13 11 9 0 1 2 3 7 6 8 4 5 10 10 8 5 7 4 0 1 2 3 6 9 11 9 6 4 8 1 2 3 10 11 7 0 5 8 1 -1 -1 3 -1 0 7 13 5 4 14 6 -1 -1 5 -1 -1 -1 3 10 8 -1 -1 5 10 -1 -1 -1 1 6 -1 12 11 2 -1 -1 7 -1 11 0 4 9 14 2 -1 6 12 -1 -1 -1 -1 -1 -1 13 5 -1 -1 -1 9
1 4 3 12 10 -1 2 -1 9 0 -1 8 7 5 11 9 8 13 12 0 6 -1 -1 -1 12 13 8 0 6 10 5 1 4 9 7 2 2 3 6 4 7 8 11 9 0 -1 -1 13 11 9 0 1 2 3 7 6 8 4 5 10 10 8 5 7 4 0 1 2 3 6 9 11 9 6 4 8 1 2 3 10 11 7 0 5 8 1 -1 -1 3 -1 0 7 13 5 4 14 6 -1 -1 5 -1 -1 -1 3 10 8 -1 -1 5 10 -1 -1 -1 1 6 -1 12 11 2 -1 -1 7 -1 11 0 4 9 14 2 10 6 12 -1 -1 -1 -1 -1 -1 13 5 -1 -1 -1 9
1 4 3 12 10 -1 2 -1 9 0 -1 8 7 5 11 9 8 13 12 0 6 -1 -1 -1 12 13 8 0 6 10 5 1 4 9 7 2 2 3 6 4 7 8 11 9 0 -1 -1 13 11 9 0 1 2 3 7 6 8 4 5 10 10 8 5 7 4 0 1 2 3 6 9 11 9 6 4 8 1 2 3 10 11 7 0 5 8 1 -1 -1 3 -1 0 7 13 5 4 14 6 -1 -1 5 -1 -1 -1 3 10 8 -1 -1 5 10 -1 -1 -1 1 6 -1 12 11 2 -1 -1 7 -1 11 0 4 9 14 2 10 6 12 -1 -1 -1 -1 -1 -1 13 5 -1 14 -1 9
1 4 3 12 10 -1 2 -1 9 0 -1 8 7 5 11 9 8 13 12 0 6 -1 -1 -1 12 13 8 0 6 10 5 1 4 9 7 2 2 3 6 4 7 8 11 9 0 -1 -1 13 11 9 0 1 2 3 7 6 8 4 5 10 10 8 5 7 4 0 1 2 3 6 9 11 9 6 4 8 1 2 3 10 11 7 0 5 8 1 -1 -1 3 -1 0 7 13 5 4 14 6 -1 -1 5 -1 -1 -1 3 10 8 -1 -1 5 10 -1 -1 -1 1 6 -1 12 11 2 -1 -1 7 -1 11 0 4 9 14 2 10 6 12 -1 -1 -1 -1 12 -1 13 5 -1 14 -1 9
1 4 3 12 10 -1 2 -1 9 0 -1 8 7 5 11 9 8 13 12 0 6 -1 -1 -1 12 13 8 0 6 10 5 1 4 9 7 2 2 3 6 4 7 8 11 9 0 -1 -1 13 11 9 0 1 2 3 7 6 8 4 5 10 10 8 5 7 4 0 1 2 3 6 9 11 9 6 4 8 1 2 3 10 11 7 0 5 8 1 -1 -1 3 -1 0 7 13 5 4 14 6 -1 -1 5 -1 -1 -1 3 10 8 -1 -1 5 10 -1 -1 -1 1 6 -1 12 11 2 -1 -1 7 -1 11 0 4 9 14 2 10 6 12 -1 -1 1 -1 12 -1 13 5 -1 14 -1 9
1 4 3 12 10 -1 2 -1 9 0 -1 8 7 5 11 9 8 13 12 0 6 -1 -1 -1 12 13 8 0 6 10 5 1 4 9 7 2 2 3 6 4 7 8 11 9 0 -1 -1 13 11 9 0 1 2 3 7 6 8 4 5 10 10 8 5 7 4 0 1 2 3 6 9 11 9 6 4 8 1 2 3 10 11 7 0 5 8 1 -1 -1 3 -1 0 7 13 5 4 14 6 -1 -1 5 -1 -1 -1 3 10 8 -1 -1 5 10 -1 -1 -1 1 6 -1 12 11 2 -1 -1 7 13 11 0 4 9 14 2 10 6 12 -1 -1 1 -1 12 -1 13 5 -1 14 -1 9
1 4 3 12 10 -1 2 -1 9 0 -1 8 7 5 11 9 8 13 12 0 6 -1 -1 -1 12 13 8 0 6 10 5 1 4 9 7 2 2 3 6 4 7 8 11 9 0 -1 -1 13 11 9 0 1 2 3 7 6 8 4 5 10 10 8 5 7 4 0 1 2 3 6 9 11 9 6 4 8 1 2 3 10 11 7 0 5 8 1 -1 -1 3 -1 0 7 13 5 4 14 6 -1 -1 5 14 -1 -1 3 10 8 -1 -1 5 10 -1 -1 -1 1 6 -1 12 11 2 -1 -1 7 13 11 0 4 9 14 2 10 6 12 -1 -1 1 -1 12 -1 13 5 -1 14 -1 9
1 4 3 12 10 -1 2 -1 9 0 -1 8 7 5 11 9 8 13 12 0 6 -1 -1 -1 12 13 8 0 6 10 5 1 4 9 7 2 2 3 6 4 7 8 11 9 0 -1 -1 13 11 9 0 1 2 3 7 6 8 4 5 10 10 8 5 7 4 0 1 2 3 6 9 11 9 6 4 8 1 2 3 10 11 7 0 5 8 1 -1 -1 3 -1 0 7 13 5 4 14 6 -1 -1 5 14 -1 -1 3 10 8 -1 -1 5 10 -1 15 -1 1 6 -1 12 11 2 -1 -1 7 13 11 0 4 9 14 2 10 6 12 -1 -1 1 -1 12 -1 13 5 -1 14 -1 9
1 4 3 12 10 -1 2 -1 9 0 -1 8 7 5 11 9 8 13 12 0 6 -1 -1 -1 12 13 8 0 6 10 5 1 4 9 7 2 2 3 6 4 7 8 11 9 0 -1 -1 13 11 9 0 1 2 3 7 6 8 4 5 10 10 8 5 7 4 0 1 2 3 6 9 11 9 6 4 8 1 2 3 10 11 7 0 5 8 1 -1 -1 3 -1 0 7 13 5 4 14 6 -1 -1 5 14 -1 -1 3 10 8 -1 -1 5 10 14 15 -1 1 6 -1 12 11 2 -1 -1 7 13 11 0 4 9 14 2 10 6 12 -1 -1 1 -1 12 -1 13 5 -1 14 -1 9
1 4 3 12 10 -1 2 -1 9 0 -1 8 7 5 11 9 8 13 12 0 6 -1 -1 -1 12 13 8 0 6 10 5 1 4 9 7 2 2 3 6 4 7 8 11 9 0 -1 -1 13 11 9 0 1 2 3 7 6 8 4 5 10 10 8 5 7 4 0 1 2 3 6 9 11 9 6 4 8 1 2 3 10 11 7 0 5 8 1 -1 -1 3 -1 0 7 13 5 4 14 6 -1 -1 5 14 -1 -1 3 10 8 -1 -1 5 10 14 15 9 1 6 -1 12 11 2 -1 -1 7 13 11 0 4 9 14 2 10 6 12 -1 -1 1 -1 12 -1 13 5 -1 14 -1 9
1 4 3 12 10 -1 2 -1 9 0 -1 8 7 5 11 9 8 13 12 0 6 -1 -1 -1 12 13 8 0 6 10 5 1 4 9 7 2 2 3 6 4 7 8 11 9 0 -1 -1 13 11 9 0 1 2 3 7 6 8 4 5 10 10 8 5 7 4 0 1 2 3 6 9 11 9 6 4 8 1 2 3 10 11 7 0 5 8 1 -1 -1 3 -1 0 7 13 5 4 14 6 -1 2 5 14 -1 -1 3 10 8 -1 -1 5 10 14 15 9 1 6 -1 12 11 2 -1 -1 7 13 11 0 4 9 14 2 10 6 12 -1 -1 1 -1 12 -1 13 5 -1 14 -1 9
1 4 3 12 10 -1 2 -1 9 0 -1 8 7 5 11 9 8 13 12 0 6 -1 -1 -1 12 13 8 0 6 10 5 1 4 9 7 2 2 3 6 4 7 8 11 9 0 -1 -1 13 11 9 0 1 2 3 7 6 8 4 5 10 10 8 5 7 4 0 1 2 3 6 9 11 9 6 4 8 1 2 3 10 11 7 0 5 8 1 -1 6 3 -1 0 7 13 5 4 14 6 -1 2 5 14 -1 -1 3 10 8 -1 -1 5 10 14 15 9 1 6 -1 12 11 2 -1 -1 7 13 11 0 4 9 14 2 10 6 12 -1 -1 1 -1 12 -1 13 5 -1 14 -1 9
1 4 3 12 10 -1 2 -1 9 0 -1 8 7 5 11 9 8 13 12 0 6 -1 -1 -1 12 13 8 0 6 10 5 1 4 9 7 2 2 3 6 4 7 8 11 9 0 -1 -1 13 11 9 0 1 2 3 7 6 8 4 5 10 10 8 5 7 4 0 1 2 3 6 9 11 9 6 4 8 1 2 3 10 11 7 0 5 8 1 -1 6 3 -1 0 7 13 5 4 14 6 15 2 5 14 -1 -1 3 10 8 -1 -1 5 10 14 15 9 1 6 -1 12 11 2 -1 -1 7 13 11 0 4 9 14 2 10 6 12 -1 -1 1 -1 12 -1 13 5 -1 14 -1 9
1 4 3 12 10 -1 2 -1 9 0 -1 8 7 5 11 9 8 13 12 0 6 -1 -1 -1 12 13 8 0 6 10 5 1 4 9 7 2 2 3 6 4 7 8 11 9 0 -1 -1 13 11 9 0 1 2 3 7 6 8 4 5 10 10 8 5 7 4 0 1 2 3 6 9 11 9 6 4 8 1 2 3 10 11 7 0 5 8 1 -1 6 3 -1 0 7 13 5 4 14 6 15 2 5 14 -1 4 3 10 8 -1 -1 5 10 14 15 9 1 6 -1 12 11 2 -1 -1 7 13 11 0 4 9 14 2 10 6 12 -1 -1 1 -1 12 -1 13 5 -1 14 -1 9
1 4 3 12 10 -1 2 -1 9 0 -1 8 7 5 11 9 8 13 12 0 6 -1 -1 -1 12 13 8 0 6 10 5 1 4 9 7 2 2 3 6 4 7 8 11 9 0 -1 -1 13 11 9 0 1 2 3 7 6 8 4 5 10 10 8 5 7 4 0 1 2 3 6 9 11 9 6 4 8 1 2 3 10 11 7 0 5 8 1 12 6 3 -1 0 7 13 5 4 14 6 15 2 5 14 -1 4 3 10 8 -1 -1 5 10 14 15 9 1 6 -1 12 11 2 -1 -1 7 13 11 0 4 9 14 2 10 6 12 -1 -1 1 -1 12 -1 13 5 -1 14 -1 9
1 4 3 12 10 -1 2 -1 9 0 -1 8 7 5 11 9 8 13 12 0 6 -1 -1 -1 12 13 8 0 6 10 5 1 4 9 7 2 2 3 6 4 7 8 11 9 0 -1 -1 13 11 9 0 1 2 3 7 6 8 4 5 10 10 8 5 7 4 0 1 2 3 6 9 11 9 6 4 8 1 2 3 10 11 7 0 5 8 1 12 6 3 -1 0 7 13 5 4 14 6 15 2 5 14 -1 4 3 10 8 -1 -1 5 10 14 15 9 1 6 -1 12 11 2 -1 -1 7 13 11 0 4 9 14 2 10 6 12 -1 0 1 -1 12 -1 13 5 -1 14 -1 9
1 4 3 12 10 -1 2 -1 9 0 -1 8 7 5 11 9 8 13 12 0 6 -1 -1 -1 12 13 8 0 6 10 5 1 4 9 7 2 2 3 6 4 7 8 11 9 0 -1 -1 13 11 9 0 1 2 3 7 6 8 4 5 10 10 8 5 7 4 0 1 2 3 6 9 11 9 6 4 8 1 2 3 10 11 7 0 5 8 1 12 6 3 -1 0 7 13 5 4 14 6 15 2 5 14 -1 4 3 10 8 -1 -1 5 10 14 15 9 1 6 -1 12 11 2 -1 -1 7 13 11 0 4 9 14 2 10 6 12 -1 0 1 -1 12 6 13 5 -1 14 -1 9
1 4 3 12 10 -1 2 -1 9 0 -1 8 7 5 11 9 8 13 12 0 6 -1 10 -1 12 13 8 0 6 10 5 1 4 9 7 2 2 3 6 4 7 8 11 9 0 -1 -1 13 11 9 0 1 2 3 7 6 8 4 5 10 10 8 5 7 4 0 1 2 3 6 9 11 9 6 4 8 1 2 3 10 11 7 0 5 8 1 12 6 3 -1 0 7 13 5 4 14 6 15 2 5 14 -1 4 3 10 8 -1 -1 5 10 14 15 9 1 6 -1 12 11 2 -1 -1 7 13 11 0 4 9 14 2 10 6 12 -1 0 1 -1 12 6 13 5 -1 14 -1 9
1 4 3 12 10 -1 2 -1 9 0 -1 8 7 5 11 9 8 13 12 0 6 -1 10 1 12 13 8 0 6 10 5 1 4 9 7 2 2 3 6 4 7 8 11 9 0 -1 -1 13 11 9 0 1 2 3 7 6 8 4 5 10 10 8 5 7 4 0 1 2 3 6 9 11 9 6 4 8 1 2 3 10 11 7 0 5 8 1 12 6 3 -1 0 7 13 5 4 14 6 15 2 5 14 -1 4 3 10 8 -1 -1 5 10 14 15 9 1 6 -1 12 11 2 -1 -1 7 13 11 0 4 9 14 2 10 6 12 -1 0 1 -1 12 6 13 5 -1 14 -1 9
1 4 3 12 10 -1 2 -1 9 0 -1 8 7 5 11 9 8 13 12 0 6 -1 10 1 12 13 8 0 6 10 5 1 4 9 7 2 2 3 6 4 7 8 11 9 0 -1 -1 13 11 9 0 1 2 3 7 6 8 4 5 10 10 8 5 7 4 0 1 2 3 6 9 11 9 6 4 8 1 2 3 10 11 7 0 5 8 1 12 6 3 -1 0 7 13 5 4 14 6 15 2 5 14 -1 4 3 10 8 -1 0 5 10 14 15 9 1 6 -1 12 11 2 -1 -1 7 13 11 0 4 9 14 2 10 6 12 -1 0 1 -1 12 6 13 5 -1 14 -1 9
1 4 3 12 10 -1 2 -1 9 0 -1 8 7 5 11 9 8 13 12 0 6 -1 10 1 12 13 8 0 6 10 5 1 4 9 7 2 2 3 6 4 7 8 11 9 0 12 -1 13 11 9 0 1 2 3 7 6 8 4 5 10 10 8 5 7 4 0 1 2 3 6 9 11 9 6 4 8 1 2 3 10 11 7 0 5 8 1 12 6 3 -1 0 7 13 5 4 14 6 15 2 5 14 -1 4 3 10 8 -1 0 5 10 14 15 9 1 6 -1 12 11 2 -1 -1 7 13 11 0 4 9 14 2 10 6 12 -1 0 1 -1 12 6 13 5 -1 14 -1 9
1 4 3 12 10 -1 2 -1 9 0 -1 8 7 5 11 9 8 13 12 0 6 -1 10 1 12 13 8 0 6 10 5 1 4 9 7 2 2 3 6 4 7 8 11 9 0 12 -1 13 11 9 0 1 2 3 7 6 8 4 5 10 10 8 5 7 4 0 1 2 3 6 9 11 9 6 4 8 1 2 3 10 11 7 0 5 8 1 12 6 3 -1 0 7 13 5 4 14 6 15 2 5 14 -1 4 3 10 8 -1 0 5 10 14 15 9 1 6 -1 12 11 2 4 -1 7 13 11 0 4 9 14 2 10 6 12 -1 0 1 -1 12 6 13 5 -1 14 -1 9
1 4 3 12 10 -1 2 -1 9 0 -1 8 7 5 11 9 8 13 12 0 6 -1 10 1 12 13 8 0 6 10 5 1 4 9 7 2 2 3 6 4 7 8 11 9 0 12 14 13 11 9 0 1 2 3 7 6 8 4 5 10 10 8 5 7 4 0 1 2 3 6 9 11 9 6 4 8 1 2 3 10 11 7 0 5 8 1 12 6 3 -1 0 7 13 5 4 14 6 15 2 5 14 -1 4 3 10 8 -1 0 5 10 14 15 9 1 6 -1 12 11 2 4 -1 7 13 11 0 4 9 14 2 10 6 12 -1 0 1 -1 12 6 13 5 -1 14 -1 9
1 4 3 12 10 -1 2 -1 9 0 -1 8 7 5 11 9 8 13 12 0 6 -1 10 1 12 13 8 0 6 10 5 1 4 9 7 2 2 3 6 4 7 8 11 9 0 12 14 13 11 9 0 1 2 3 7 6 8 4 5 10 10 8 5 7 4 0 1 2 3 6 9 11 9 6 4 8 1 2 3 10 11 7 0 5 8 1 12 6 3 -1 0 7 13 5 4 14 6 15 2 5 14 7 4 3 10 8 -1 0 5 10 14 15 9 1 6 -1 12 11 2 4 -1 7 13 11 0 4 9 14 2 10 6 12 -1 0 1 -1 12 6 13 5 -1 14 -1 9
1 4 3 12 10 -1 2 -1 9 0 -1 8 7 5 11 9 8 13 12 0 6 -1 10 1 12 13 8 0 6 10 5 1 4 9 7 2 2 3 6 4 7 8 11 9 0 12 14 13 11 9 0 1 2 3 7 6 8 4 5 10 10 8 5 7 4 0 1 2 3 6 9 11 9 6 4 8 1 2 3 10 11 7 0 5 8 1 12 6 3 -1 0 7 13 5 4 14 6 15 2 5 14 7 4 3 10 8 -1 0 5 10 14 15 9 1 6 -1 12 11 2 4 -1 7 13 11 0 4 9 14 2 10 6 12 -1 0 1 -1 12 6 13 5 15 14 -1 9
1 4 3 12 10 -1 2 -1 9 0 -1 8 7 5 11 9 8 13 12 0 6 -1 10 1 12 13 8 0 6 10 5 1 4 9 7 2 2 3 6 4 7 8 11 9 0 12 14 13 11 9 0 1 2 3 7 6 8 4 5 10 10 8 5 7 4 0 1 2 3 6 9 11 9 6 4 8 1 2 3 10 11 7 0 5 8 1 12 6 3 -1 0 7 13 5 4 14 6 15 2 5 14 7 4 3 10 8 -1 0 5 10 14 15 9 1 6 -1 12 11 2 4 -1 7 13 11 0 4 9 14 2 10 6 12 4 0 1 -1 12 6 13 5 15 14 -1 9
1 4 3 12 10 -1 2 -1 9 0 -1 8 7 5 11 9 8 13 12 0 6 -1 10 1 12 13 8 0 6 10 5 1 4 9 7 2 2 3 6 4 7 8 11 9 0 12 14 13 11 9 0 1 2 3 7 6 8 4 5 10 10 8 5 7 4 0 1 2 3 6 9 11 9 6 4 8 1 2 3 10 11 7 0 5 8 1 12 6 3 -1 0 7 13 5 4 14 6 15 2 5 14 7 4 3 10 8 -1 0 5 10 14 15 9 1 6 -1 12 11 2 4 -1 7 13 11 0 4 9 14 2 10 6 12 4 0 1 -1 12 6 13 5 15 14 8 9
1 4 3 12 10 -1 2 -1 9 0 -1 8 7 5 11 9 8 13 12 0 6 3 10 1 12 13 8 0 6 10 5 1 4 9 7 2 2 3 6 4 7 8 11 9 0 12 14 13 11 9 0 1 2 3 7 6 8 4 5 10 10 8 5 7 4 0 1 2 3 6 9 11 9 6 4 8 1 2 3 10 11 7 0 5 8 1 12 6 3 -1 0 7 13 5 4 14 6 15 2 5 14 7 4 3 10 8 -1 0 5 10 14 15 9 1 6 -1 12 11 2 4 -1 7 13 11 0 4 9 14 2 10 6 12 4 0 1 -1 12 6 13 5 15 14 8 9
1 4 3 12 10 -1 2 -1 9 0 -1 8 7 5 11 9 8 13 12 0 6 3 10 1 12 13 8 0 6 10 5 1 4 9 7 2 2 3 6 4 7 8 11 9 0 12 14 13 11 9 0 1 2 3 7 6 8 4 5 10 10 8 5 7 4 0 1 2 3 6 9 11 9 6 4 8 1 2 3 10 11 7 0 5 8 1 12 6 3 -1 0 7 13 5 4 14 6 15 2 5 14 7 4 3 10 8 -1 0 5 10 14 15 9 1 6 -1 12 11 2 4 15 7 13 11 0 4 9 14 2 10 6 12 4 0 1 -1 12 6 13 5 15 14 8 9
1 4 3 12 10 -1 2 -1 9 0 11 8 7 5 11 9 8 13 12 0 6 3 10 1 12 13 8 0 6 10 5 1 4 9 7 2 2 3 6 4 7 8 11 9 0 12 14 13 11 9 0 1 2 3 7 6 8 4 5 10 10 8 5 7 4 0 1 2 3 6 9 11 9 6 4 8 1 2 3 10 11 7 0 5 8 1 12 6 3 -1 0 7 13 5 4 14 6 15 2 5 14 7 4 3 10 8 -1 0 5 10 14 15 9 1 6 -1 12 11 2 4 15 7 13 11 0 4 9 14 2 10 6 12 4 0 1 -1 12 6 13 5 15 14 8 9
1 4 3 12 10 14 2 -1 9 0 11 8 7 5 11 9 8 13 12 0 6 3 10 1 12 13 8 0 6 10 5 1 4 9 7 2 2 3 6 4 7 8 11 9 0 12 14 13 11 9 0 1 2 3 7 6 8 4 5 10 10 8 5 7 4 0 1 2 3 6 9 11 9 6 4 8 1 2 3 10 11 7 0 5 8 1 12 6 3 -1 0 7 13 5 4 14 6 15 2 5 14 7 4 3 10 8 -1 0 5 10 14 15 9 1 6 -1 12 11 2 4 15 7 13 11 0 4 9 14 2 10 6 12 4 0 1 -1 12 6 13 5 15 14 8 9
1 4 3 12 10 14 2 -1 9 0 11 8 7 5 11 9 8 13 12 0 6 3 10 1 12 13 8 0 6 10 5 1 4 9 7 2 2 3 6 4 7 8 11 9 0 12 14 13 11 9 0 1 2 3 7 6 8 4 5 10 10 8 5 7 4 0 1 2 3 6 9 11 9 6 4 8 1 2 3 10 11 7 0 5 8 1 12 6 3 -1 0 7 13 5 4 14 6 15 2 5 14 7 4 3 10 8 -1 0 5 10 14 15 9 1 6 8 12 11 2 4 15 7 13 11 0 4 9 14 2 10 6 12 4 0 1 -1 12 6 13 5 15 14 8 9
1 4 3 12 10 14 2 13 9 0 11 8 7 5 11 9 8 13 12 0 6 3 10 1 12 13 8 0 6 10 5 1 4 9 7 2 2 3 6 4 7 8 11 9 0 12 14 13 11 9 0 1 2 3 7 6 8 4 5 10 10 8 5 7 4 0 1 2 3 6 9 11 9 6 4 8 1 2 3 10 11 7 0 5 8 1 12 6 3 -1 0 7 13 5 4 14 6 15 2 5 14 7 4 3 10 8 -1 0 5 10 14 15 9 1 6 8 12 11 2 4 15 7 13 11 0 4 9 14 2 10 6 12 4 0 1 -1 12 6 13 5 15 14 8 9
1 4 3 12 10 14 2 13 9 0 11 8 7 5 11 9 8 13 12 0 6 3 10 1 12 13 8 0 6 10 5 1 4 9 7 2 2 3 6 4 7 8 11 9 0 12 14 13 11 9 0 1 2 3 7 6 8 4 5 10 10 8 5 7 4 0 1 2 3 6 9 11 9 6 4 8 1 2 3 10 11 7 0 5 8 1 12 6 3 9 0 7 13 5 4 14 6 15 2 5 14 7 4 3 10 8 -1 0 5 10 14 15 9 1 6 8 12 11 2 4 15 7 13 11 0 4 9 14 2 10 6 12 4 0 1 -1 12 6 13 5 15 14 8 9
1 4 3 12 10 14 2 13 9 0 11 8 7 5 11 9 8 13 12 0 6 3 10 1 12 13 8 0 6 10 5 1 4 9 7 2 2 3 6 4 7 8 11 9 0 12 14 13 11 9 0 1 2 3 7 6 8 4 5 10 10 8 5 7 4 0 1 2 3 6 9 11 9 6 4 8 1 2 3 10 11 7 0 5 8 1 12 6 3 9 0 7 13 5 4 14 6 15 2 5 14 7 4 3 10 8 -1 0 5 10 14 15 9 1 6 8 12 11 2 4 15 7 13 11 0 4 9 14 2 10 6 12 4 0 1 2 12 6 13 5 15 14 8 9
1 4 3 12 10 14 2 13 9 0 11 8 7 5 11 9 8 13 12 0 6 3 10 1 12 13 8 0 6 10 5 1 4 9 7 2 2 3 6 4 7 8 11 9 0 12 14 13 11 9 0 1 2 3 7 6 8 4 5 10 10 8 5 7 4 0 1 2 3 6 9 11 9 6 4 8 1 2 3 10 11 7 0 5 8 1 12 6 3 9 0 7 13 5 4 14 6 15 2 5 14 7 4 3 10 8 1 0 5 10 14 15 9 1 6 8 12 11 2 4 15 7 13 11 0 4 9 14 2 10 6 12 4 0 1 2 12 6 13 5 15 14 8 9
