17 19 24 43 1 32 5 15 44 15 16 26 44 31 25 26 9 26 35 36 38 37 24 28 39 9 44 10 18 6 10 40 6 18 20 30 29 23 22 15 11 35 12 9 39 28 27 31 14 16 11 7 41 43 27 23 21 23 32 4 25 41 35 29 0 5 19 29 45 3 16 20 3 14 37 30 42 15 34 28 39 31 45 35 28 41 11 46 37 9 22 26 7 14 44
23 36 37 20 28 14 16 23 7 46 30 26 9 25 40 41 15 44 34 11 4 21 22 17 19 23 43 17 10 29 26 5 7 19 12 4 10 7 1 2 26 7 17 9 32 36 44 25 38 21 8 12 11 33 12 27 41 12 30 12 33 2 28 32 35 15 46 11 30 8 38 40 31 40 2 29 2 25 15 22 36 27 4 18 32 15 42 18 16 45 34 35 12 37 10
8 18 10 12 45 43 3 13 20 39 23 29 21 7 11 11 31 2 42 27 28 44 43 43 44 0 21 35 29 41 37 3 37 19 25 0 41 1 1 41 37 22 42 21 21 14 23 30 27 40 42 5 16 22 10 15 29 25 22 21 4 6 45 16 17 32 20 4 40 39 36 41 25 10 6 33 4 25 33 37 11 17 28 28 25 3 38 11 32 20 18 22 17 38 35
34 11 30 8 17 41 23 19 13 18 42 6 44 35 40 5 18 33 32 40 44 29 9 10 14 15 35 33 12 3 14 27 4 28 34 6 1 26 12 10 2 36 40 28 12 30 18 38 0 31 22 23 0 7 40 18 23 42 34 23 2 22 11 29 32 25 26 21 38 8 26 38 10 21 9 33 26 16 43 38 21 16 37 36 12 43 15 19 30 16 43 37 10 32 39
31 22 6 26 3 0 1 39 28 18 7 41 17 12 11 35 28 36 30 38 33 14 6 37 2 23 22 41 0 36 27 9 0 11 13 34 4 23 37 28 28 33 36 14 10 9 5 3 5 43 34 13 24 32 9 20 19 12 3 43 13 16 37 25 22 39 14 0 41 8 42 24 16 11 33 29 25 40 11 39 19 23 38 11 27 36 8 34 27 37 29 36 22 31 28
7 25 36 17 37 41 18 38 38 22 7 2 9 31 33 32 32 6 42 25 5 30 26 23 40 39 40 9 34 3 1 8 38 36 22 32 17 38 35 38 10 32 21 35 2 15 14 16 5 17 1 13 19 15 21 16 10 31 1 29 1 36 6 32 16 11 38 11 28 20 39 33 29 0 5 36 25 24 6 12 0 21 8 0 13 31 0 5 34 29 12 1 40 4 27
26 33 27 6 4 30 10 17 20 21 13 29 6 19 34 15 18 38 5 35 30 5 1 36 34 29 20 10 7 12 34 16 11 2 2 21 0 34 33 40 24 12 17 28 33 16 5 30 28 0 12 23 37 34 23 14 17 23 4 23 28 3 40 8 19 36 5 25 37 37 17 21 35 12 38 35 11 7 30 1 11 26 31 31 22 18 18 39 11 25 19 32 37 30 41
1 3 25 11 23 15 16 7 15 9 17 7 24 13 31 14 35 11 14 5 33 40 8 35 17 1 30 6 29 39 27 20 36 37 4 5 21 30 19 23 30 33 25 30 17 17 3 23 0 10 3 28 28 15 26 9 26 31 23 26 22 30 0 25 20 21 16 31 6 16 27 10 30 11 12 12 26 7 26 6 8 18 33 25 28 14 21 27 11 39 1 30 4 32 29
35 3 1 13 25 39 5 31 2 14 17 32 24 36 4 20 0 38 6 34 7 34 35 6 33 2 5 9 33 7 2 26 2 28 37 2 23 38 9 1 14 2 12 16 6 9 22 1 24 19 34 10 23 38 23 3 29 27 15 29 6 0 4 21 20 26 16 7 38 30 23 14 16 4 28 0 7 35 39 15 15 34 0 18 13 9 33 15 39 10 33 30 10 34 17
33 24 3 2 17 28 36 9 18 14 24 15 25 34 5 22 16 27 23 15 0 16 21 12 27 10 8 21 31 13 34 13 25 22 29 16 32 9 25 15 28 28 18 35 10 31 37 14 27 12 32 11 18 37 11 27 1 38 33 15 1 29 25 3 28 7 32 38 1 31 21 25 3 8 35 10 22 19 35 32 3 17 7 7 34 15 30 10 1 8 12 31 10 17 36
14 17 15 37 9 12 4 19 7 10 34 30 20 25 5 1 22 31 23 10 6 33 27 19 34 12 21 1 31 24 32 5 9 30 31 31 20 35 9 31 33 29 5 12 3 35 13 9 24 35 29 13 27 0 22 23 32 8 31 29 36 3 18 24 2 19 33 7 13 11 16 1 2 2 17 23 10 0 31 19 37 6 9 29 2 32 35 32 6 30 28 8 34 7 21
9 33 20 13 33 0 26 7 4 22 29 22 36 10 16 6 27 10 28 32 23 1 19 3 34 0 14 6 32 12 10 12 21 20 9 6 5 6 28 34 35 28 17 6 32 34 31 3 4 24 10 30 31 26 27 2 21 16 35 8 17 4 33 11 8 3 28 31 25 8 0 18 18 35 0 10 8 35 13 33 17 1 26 1 3 10 28 35 2 13 16 30 18 18 15
20 12 11 29 15 34 1 28 30 2 29 19 24 11 12 35 28 10 4 23 17 13 18 33 21 25 8 3 15 9 25 23 1 25 4 27 10 13 35 28 16 8 27 34 11 1 20 4 27 26 18 20 30 31 2 27 16 5 6 27 6 7 2 28 27 0 19 14 11 0 5 25 0 1 33 14 3 5 3 2 22 11 33 35 10 31 23 30 33 27 2 8 34 24 9
31 12 3 34 20 31 22 25 24 31 13 28 1 9 10 32 22 21 25 9 23 15 12 20 13 18 19 4 0 24 16 11 6 29 18 7 17 11 11 18 7 26 5 15 13 7 3 4 7 29 12 7 31 32 21 1 26 27 29 2 17 25 1 8 6 27 24 23 4 30 23 7 7 6 8 33 10 6 9 24 17 33 11 13 10 21 5 28 23 5 11 7 7 2 18
31 0 28 22 26 26 5 19 6 19 14 20 23 1 17 32 6 27 11 0 1 25 21 21 15 9 11 2 30 22 30 11 20 33 4 13 15 11 8 12 12 13 0 15 3 5 6 32 2 9 11 7 32 32 9 16 12 18 3 16 28 1 31 9 29 22 18 12 2 31 19 0 7 21 12 13 16 29 21 7 31 23 14 7 2 30 9 33 31 2 1 30 19 29 20
11 30 29 4 2 1 5 12 22 32 26 26 32 1 28 30 18 3 7 6 32 3 16 7 2 22 13 20 22 5 16 9 6 15 18 32 29 5 32 2 24 22 23 15 26 9 19 10 8 29 3 8 29 14 11 16 23 17 21 32 12 17 8 0 20 14 0 28 29 31 26 27 7 9 30 29 5 10 18 20 9 18 10 23 25 30 6 9 8 8 24 17 5 25 1
6 14 31 2 19 28 30 21 23 23 18 29 2 12 11 15 4 17 0 3 9 19 22 24 8 28 10 29 16 16 0 1 30 10 9 30 15 24 16 13 0 11 4 17 24 28 2 26 10 3 7 8 1 7 5 28 21 18 3 30 21 18 24 23 5 26 0 8 18 8 18 7 18 24 17 8 4 10 26 13 24 4 29 17 4 1 21 23 0 13 27 5 23 31 19
4 3 29 9 1 14 7 4 21 18 3 24 30 6 23 19 13 6 13 27 22 3 5 11 23 2 12 25 11 20 7 14 16 11 11 8 23 23 11 10 20 4 2 24 22 14 30 0 8 2 6 19 20 30 28 20 14 9 25 18 30 23 0 18 30 20 18 7 3 17 19 25 5 29 3 0 1 25 0 4 28 1 8 11 28 24 2 9 23 12 19 24 9 5 26
11 16 13 22 29 21 3 5 14 0 20 26 25 24 13 26 0 10 13 26 7 20 6 15 27 19 9 3 29 5 12 0 2 18 23 0 10 19 7 2 22 26 21 26 11 17 16 17 9 21 13 17 1 6 13 27 28 25 26 22 13 25 2 24 3 4 12 28 22 4 12 6 13 8 12 19 19 11 5 21 18 29 18 12 22 0 3 2 10 9 3 12 17 25 7
22 6 5 14 22 18 18 4 7 16 28 12 0 13 3 16 5 6 5 1 1 9 22 24 1 4 4 22 21 1 19 18 1 12 5 24 24 3 2 19 3 18 13 25 21 22 20 15 9 10 13 17 17 3 25 0 6 10 28 14 2 7 21 25 2 23 17 0 28 27 28 23 8 26 11 5 4 12 6 1 26 13 1 10 11 0 0 10 21 14 6 10 19 20 18
18 14 3 16 8 23 21 26 14 11 7 11 27 23 3 7 18 9 10 11 12 1 21 6 6 19 15 20 11 16 6 16 27 20 15 1 20 14 6 8 4 18 16 2 5 16 17 8 24 23 21 5 8 12 15 23 2 19 11 24 7 17 22 4 11 0 23 2 0 22 10 21 25 27 25 10 15 16 23 9 8 3 6 22 14 20 1 22 20 22 24 19 8 25 13
3 1 25 20 22 0 26 15 15 18 25 25 26 2 25 13 16 1 10 12 15 7 0 7 7 21 26 16 4 13 11 21 21 11 24 4 21 10 13 14 4 12 20 18 17 8 9 18 23 24 19 4 22 16 3 9 12 5 24 13 23 11 23 24 16 9 12 9 2 19 0 14 12 5 17 3 5 2 15 8 22 10 19 21 16 23 26 12 14 17 5 7 3 19 1
4 24 21 17 24 14 22 6 22 18 20 12 12 23 20 11 14 0 4 13 9 15 1 19 0 20 16 3 4 18 3 18 6 23 11 0 6 17 24 8 17 25 3 6 21 16 13 9 0 8 0 19 18 25 1 5 11 1 9 10 10 11 12 5 3 22 7 11 2 22 3 16 20 22 19 14 0 9 9 19 19 6 0 7 3 20 19 11 3 22 8 2 7 5 24
18 14 16 15 5 2 7 18 1 1 17 19 23 17 9 6 20 12 0 13 23 17 8 3 4 20 7 11 22 22 7 14 18 24 18 12 19 13 0 19 14 15 22 22 13 4 23 24 11 13 4 3 5 10 18 8 22 24 12 23 3 12 12 13 2 7 13 0 19 7 4 13 17 13 3 18 8 7 14 14 11 19 24 4 13 14 16 24 0 16 5 14 5 1 21
4 20 5 5 23 21 18 15 6 1 0 21 9 2 5 18 22 10 15 20 21 2 19 15 14 16 2 17 17 3 17 15 18 23 8 23 5 10 14 15 23 6 9 6 23 12 4 13 3 0 3 12 21 13 12 11 9 4 23 18 11 11 13 9 21 11 2 11 22 0 1 0 5 19 16 6 20 22 9 12 17 21 7 11 12 13 2 18 5 12 12 20 6 22 15
15 9 15 22 5 5 0 1 0 3 2 18 16 10 19 16 7 3 13 19 7 20 17 11 4 18 2 7 10 22 15 14 11 22 20 2 14 20 13 1 0 18 20 5 4 0 6 12 22 1 8 4 18 13 18 12 12 16 8 13 8 4 4 1 4 6 1 11 21 22 5 21 11 10 18 13 16 11 17 1 8 11 13 2 12 10 10 1 15 18 10 15 8 12 0
1 5 11 11 9 1 6 1 0 6 19 3 14 0 21 14 8 13 1 21 20 15 16 3 12 11 4 2 9 10 3 4 10 15 3 10 1 4 20 15 9 0 20 18 13 5 21 18 7 7 11 2 2 17 11 7 12 19 7 8 14 11 2 1 10 18 12 0 18 11 19 10 16 5 18 13 6 8 20 12 18 20 3 14 2 8 3 5 12 0 20 14 18 6 4
17 15 16 16 6 10 12 16 18 15 19 0 13 9 11 4 17 9 17 14 17 17 15 2 14 19 19 19 9 12 12 5 13 20 1 14 1 12 0 13 4 0 5 6 2 8 11 10 5 11 3 20 9 14 16 13 10 2 9 20 7 7 11 9 7 3 16 11 19 15 4 1 3 9 5 8 2 2 1 0 8 4 7 9 13 6 6 14 3 1 10 1 2 17 12
17 14 0 6 15 2 1 17 8 8 4 16 12 2 19 18 19 14 2 1 7 7 3 0 4 16 12 12 2 12 9 2 8 11 9 1 4 18 4 12 11 1 2 1 16 15 10 16 15 17 6 5 17 15 8 2 1 16 9 8 16 5 10 10 13 19 5 10 6 0 16 18 5 6 18 8 6 8 8 11 5 7 1 13 11 2 17 2 11 11 11 5 11 7 14
5 13 16 17 8 0 1 15 11 2 10 7 8 11 15 9 15 8 15 7 14 10 0 4 8 11 16 4 16 4 11 0 8 12 10 9 16 12 1 7 2 17 16 2 8 6 3 18 12 12 6 3 2 1 0 2 4 18 18 13 9 9 8 2 13 15 7 7 3 18 2 13 12 17 18 18 8 7 0 0 9 16 6 16 7 8 1 1 6 14 8 5 17 13 10
3 13 14 10 2 7 5 1 15 15 16 8 10 10 10 13 12 12 15 14 15 16 0 7 5 8 0 6 8 1 8 15 0 11 14 13 6 5 12 15 11 1 14 11 12 1 2 8 4 9 9 4 17 17 4 15 3 3 7 13 10 12 5 17 6 4 15 5 6 17 1 17 9 16 11 4 15 7 9 11 11 4 9 8 9 11 6 4 10 6 4 11 11 16 2
2 15 9 15 7 1 0 1 1 2 12 14 8 4 14 13 14 8 2 4 3 4 7 16 8 11 15 16 9 8 1 0 2 10 9 14 11 15 16 2 8 10 9 5 6 0 3 16 13 6 6 5 0 15 9 8 2 15 9 6 3 5 12 6 8 6 4 2 12 0 10 8 16 10 8 6 13 10 10 13 10 10 14 8 10 12 10 16 5 10 0 5 10 13 11
15 12 5 7 13 9 9 2 5 3 0 4 12 6 6 3 15 8 4 6 6 12 9 2 1 7 12 8 2 10 6 5 1 11 6 8 0 8 15 3 6 3 7 14 15 2 13 4 8 5 11 1 3 10 9 10 2 11 6 13 6 5 11 6 6 10 5 10 4 10 3 1 5 8 12 1 7 14 1 14 1 4 4 6 11 1 10 2 14 5 15 8 11 4 0
5 11 12 14 13 4 1 3 1 1 10 2 11 4 10 8 7 11 3 3 8 10 5 12 9 6 14 0 2 3 5 1 11 13 9 8 7 8 9 0 0 1 3 8 13 1 10 6 8 12 6 2 3 1 2 14 3 9 4 11 7 10 9 2 11 2 3 4 10 14 8 13 5 6 5 1 7 3 9 8 2 8 13 6 14 8 9 2 8 4 4 12 1 4 0
1 4 8 2 13 7 13 7 0 3 5 12 10 2 2 5 13 10 2 3 13 5 7 6 10 2 8 9 6 10 3 7 13 11 9 2 8 12 9 11 2 2 0 12 6 7 4 1 10 11 0 4 0 0 0 8 9 4 3 12 0 10 1 0 4 8 10 0 9 1 1 9 8 10 11 1 0 6 11 0 12 3 6 0 6 11 12 12 1 3 3 11 9 5 13
7 12 7 3 1 0 3 7 5 10 8 6 9 6 12 11 7 3 7 10 10 4 8 11 12 5 9 9 7 9 7 2 2 6 0 12 5 6 12 7 0 7 12 9 9 8 3 1 3 6 5 0 11 12 2 3 11 11 4 9 6 4 1 0 12 5 3 12 6 2 8 5 0 8 1 11 0 6 9 1 2 2 5 0 4 2 11 2 5 12 12 6 8 4 7
6 0 8 8 4 11 0 7 9 6 3 7 3 10 9 0 6 9 2 10 0 2 1 4 5 7 9 5 5 0 8 11 11 5 7 3 7 5 6 11 11 5 9 6 5 4 1 4 3 8 10 6 4 9 8 1 1 4 6 3 9 7 2 6 10 11 2 11 10 8 7 3 5 2 3 11 9 7 10 11 5 3 2 11 8 11 7 7 8 5 2 8 11 2 0
2 7 1 6 5 9 0 10 4 0 6 8 3 6 4 9 9 0 1 3 9 5 10 2 4 10 10 0 10 3 4 0 9 7 1 3 1 4 0 1 7 4 0 0 6 2 8 1 0 1 3 9 0 9 10 3 9 8 5 5 1 7 5 1 4 1 1 9 1 2 5 7 4 4 7 1 0 10 7 10 5 9 5 3 1 9 3 0 9 3 9 2 7 5 6
8 4 8 5 2 8 7 9 1 6 2 8 7 3 9 3 9 9 8 7 6 5 4 6 4 5 1 6 1 6 8 4 6 5 9 3 5 1 3 3 1 9 3 6 5 1 7 2 0 8 4 2 8 4 0 1 7 2 3 0 5 0 2 8 3 7 0 9 5 0 2 0 0 5 2 8 1 8 0 1 2 8 5 1 1 2 0 3 0 0 0 0 0 0 6
7 3 6 5 8 7 3 7 5 1 0 6 0 6 2 4 7 3 4 3 4 0 1 6 3 2 3 1 4 1 2 3 4 0 2 5 6 3 3 4 4 5 3 4 4 5 8 6 1 2 5 1 8 8 2 5 8 6 8 8 7 3 0 7 8 2 2 7 8 8 7 3 7 5 0 1 3 5 3 7 6 0 0 7 6 0 7 5 2 5 3 2 5 7 4
3 1 3 2 5 5 5 2 2 1 6 3 6 4 0 6 0 5 4 0 5 4 1 4 7 0 4 7 3 7 2 0 1 3 3 4 3 4 4 3 2 4 4 4 4 2 6 3 6 0 2 5 5 2 2 0 7 6 3 6 3 6 5 0 5 4 0 7 6 7 7 7 0 4 7 7 2 3 2 5 3 7 7 7 2 4 7 4 0 4 5 4 7 5 1
5 3 0 1 2 5 4 6 4 5 3 5 4 1 1 3 5 1 0 0 5 1 6 2 4 6 1 2 5 2 6 4 2 2 5 1 1 1 5 5 4 1 4 4 1 2 0 6 4 6 0 2 6 4 0 0 4 3 0 3 1 1 3 0 1 1 4 4 3 2 2 4 6 4 2 2 6 6 4 2 2 2 4 1 4 2 4 2 1 4 4 1 6 3 5
5 3 0 1 2 5 4 6 4 5 3 5 4 1 1 3 5 1 0 0 5 1 6 2 4 6 1 2 5 2 6 4 2 2 5 1 1 1 5 5 4 1 4 4 1 2 0 6 4 6 0 2 6 4 0 0 4 3 0 3 1 1 3 0 1 1 4 4 3 2 2 4 6 4 2 2 6 6 4 2 2 2 4 1 4 2 4 2 1 4 4 1 6 3 5
