25 26 22 9 14 13 7 0 14 15 6 10 23 19 18 5 18 22 13 21 8 1 27 10 27 23 1 16 11 15 4 25 3 16 12 13 9 14 2 6 8 24 9 3 2 20 23 1 5 14 17 20 22 25 26 9 19 10 21 15 24 6 5 3
7 18 11 2 10 15 26 21 19 4 0 20 9 16 1 10 10 6 1 8 17 12 7 25 3 8 26 24 22 6 13 5 11 25 23 18 0 2 19 16 24 7 17 21 16 23 11 8 14 2 22 23 24 3 18 4 8 3 14 12 6 20 0 22
17 21 10 15 16 19 1 5 22 23 19 21 25 5 7 16 5 13 22 8 24 23 11 14 25 18 6 10 15 8 3 22 10 1 7 12 18 22 14 4 12 20 13 24 7 9 2 19 15 25 12 18 13 0 16 6 9 7 20 1 21 17 24 11
15 16 3 23 12 22 7 11 23 21 12 15 2 6 19 5 17 18 2 11 24 1 8 7 11 20 21 1 6 18 17 15 16 8 0 20 10 2 21 3 12 13 23 7 14 0 9 8 10 22 9 3 18 7 14 0 24 19 13 2 20 16 11 9
0 4 17 18 1 15 23 7 16 21 2 6 9 5 18 22 11 13 23 22 4 19 7 12 10 2 0 15 14 1 17 4 20 14 3 1 2 16 22 23 13 22 9 0 7 17 15 3 9 5 16 21 13 18 20 11 12 20 1 14 22 8 2 13
1 13 10 0 12 3 6 4 22 2 3 1 8 20 15 10 8 16 15 21 0 13 19 11 15 7 12 18 11 8 10 6 11 1 13 19 4 2 17 7 10 19 14 3 18 22 4 16 4 6 16 20 10 5 14 22 9 11 4 12 13 1 21 3
19 20 10 4 13 9 17 15 10 17 7 0 16 15 13 4 13 11 5 1 9 12 3 16 16 9 3 10 4 1 5 0 15 10 1 8 20 21 2 6 11 6 2 16 1 4 12 5 7 3 19 17 6 5 18 9 17 13 15 18 19 0 6 21
9 13 0 6 18 3 7 1 12 20 14 7 19 6 18 16 18 16 19 4 5 13 14 0 2 10 18 17 15 11 20 4 8 17 9 5 2 12 13 11 14 4 8 15 10 7 0 12 19 11 3 9 1 14 16 17 7 0 6 20 3 4 1 10
17 12 5 16 10 9 1 15 9 1 18 14 13 19 6 3 18 17 12 6 0 5 14 7 8 13 2 5 14 1 3 16 3 19 15 10 11 0 17 2 15 2 0 8 16 10 13 19 13 8 10 15 6 4 18 11 2 5 6 1 18 7 19 8
2 14 15 6 17 4 10 18 13 6 8 18 14 3 16 5 9 2 11 17 4 5 18 12 4 5 12 9 6 11 8 13 15 16 2 1 12 7 17 9 10 1 9 14 5 18 0 7 7 4 16 3 10 14 5 11 8 15 0 12 7 16 3 14
10 7 16 2 1 8 9 17 6 11 10 17 9 2 7 12 9 14 15 11 0 6 5 2 5 13 12 7 2 9 16 0 16 1 17 3 14 4 12 8 17 8 4 1 13 3 15 7 12 9 0 6 10 1 17 13 11 17 5 15 7 14 8 1
2 1 3 9 16 6 11 4 3 6 12 15 11 9 7 0 5 4 14 7 10 13 8 11 10 11 16 8 2 14 0 1 13 0 6 10 4 3 5 14 12 3 9 1 14 7 10 16 1 5 7 16 0 2 15 6 16 15 4 14 6 10 12 9
14 1 7 8 2 5 15 4 2 12 11 6 15 4 14 8 9 6 0 2 12 10 3 11 1 3 8 11 6 2 5 9 5 11 2 9 1 8 10 14 4 14 5 12 13 3 7 1 6 0 15 7 14 11 9 10 11 5 1 0 9 7 4 2
6 7 0 8 4 11 12 10 12 4 2 3 10 14 1 8 11 10 14 1 5 3 6 4 3 12 8 11 14 13 9 5 9 5 10 7 2 6 8 14 4 0 6 5 3 12 10 7 2 11 1 13 6 9 3 0 13 3 5 10 12 0 11 1
13 1 2 10 8 0 12 9 5 7 13 9 4 10 6 1 12 0 6 5 13 3 2 7 6 13 7 1 2 5 11 3 1 12 9 11 3 6 4 13 3 2 0 7 9 11 8 6 4 10 12 8 5 2 0 11 8 11 4 0 10 1 3 12
2 5 12 3 10 4 0 11 12 3 11 1 0 5 10 2 10 2 0 6 7 12 11 5 1 7 10 8 2 3 9 0 11 9 6 4 5 8 2 1 8 4 5 12 6 1 7 9 3 6 1 0 4 9 12 10 7 10 4 9 11 2 8 6
11 0 9 7 4 6 10 5 7 10 6 1 0 9 11 4 4 8 5 3 11 1 7 10 1 9 11 8 7 2 3 0 8 5 1 10 9 11 6 2 10 4 8 5 6 7 1 3 6 3 10 4 2 5 0 8 2 1 0 11 3 10 4 6
10 6 4 2 3 8 0 5 5 0 9 8 1 4 3 2 6 4 1 7 2 9 10 0 8 2 0 9 10 5 4 7 0 9 8 6 7 2 1 3 2 5 7 4 9 6 8 10 7 8 6 3 5 10 2 1 4 1 5 10 6 0 7 8
2 1 5 8 6 3 4 7 8 9 0 7 1 5 6 2 7 3 8 5 2 0 9 1 1 4 7 6 3 8 2 0 9 8 1 2 0 6 3 4 0 7 9 3 5 4 8 6 3 5 4 0 8 1 7 9 4 6 3 1 7 9 0 5
2 1 5 8 6 3 4 7 8 9 0 7 1 5 6 2 7 3 8 5 2 0 9 1 1 4 7 6 3 8 2 0 9 8 1 2 0 6 3 4 0 7 9 3 5 4 8 6 3 5 4 0 8 1 7 9 4 6 3 1 7 9 0 5
