25 24 12 34 24 4 31 6 39 24 32 3 33 11 33 44 27 15 43 45 27 33 1 44 36 1 11 38 12 6 2 35 27 42 13 15 19 17 43 19 36 33 11 26 35 24 41 0 37 42 8 24 21 14 23 28 0 28 19 21 22 37 44 17 43 37 22 35 21 40 16 28 19 19 19 42 9 6 42 3 11 19 36 35 22 32 17 47 42 36 15 47 47 45 18
40 36 20 15 6 12 11 43 14 16 10 5 3 1 18 25 33 34 8 38 2 0 36 2 35 35 10 12 28 22 5 45 24 10 42 9 21 15 9 11 33 45 7 0 40 6 27 27 14 21 14 19 29 15 5 18 23 29 2 0 28 22 11 24 14 7 34 3 18 4 24 34 22 30 23 42 46 43 16 2 41 44 10 15 3 3 23 28 25 20 19 17 41 41 31
14 45 7 42 26 36 11 5 32 40 6 6 1 6 31 39 7 35 28 31 24 30 22 3 43 4 45 14 14 27 21 36 9 41 29 25 18 25 41 15 28 9 2 44 44 13 8 13 37 4 16 43 29 31 12 22 19 42 44 16 21 29 23 44 32 16 18 33 18 11 2 10 9 15 12 10 2 16 32 44 12 27 37 19 25 17 21 38 9 38 36 9 11 20 14
37 36 44 19 38 41 26 5 19 38 20 3 9 33 22 2 35 2 21 14 30 43 18 44 10 0 15 15 13 21 17 10 24 15 15 36 13 43 36 11 42 10 33 33 28 18 3 28 23 5 25 26 1 39 44 22 5 29 25 28 34 26 20 40 11 41 10 16 12 27 11 4 6 33 6 24 1 1 22 41 11 38 29 42 2 23 9 28 29 41 0 13 5 31 14
2 21 31 13 34 40 19 26 36 41 4 25 16 39 13 2 40 35 25 7 17 9 42 39 4 1 19 30 5 42 0 18 3 34 11 9 40 0 4 26 29 41 21 25 4 37 22 32 17 23 42 16 36 43 40 13 10 39 31 33 27 28 33 7 36 38 11 22 6 20 23 10 1 39 12 35 33 24 20 3 24 28 13 20 4 8 0 37 11 16 39 10 37 36 34
2 41 14 11 19 9 38 1 22 27 7 32 15 32 1 35 15 1 16 8 24 29 26 12 28 8 39 4 4 31 34 26 4 30 32 13 18 14 17 40 9 30 16 15 13 31 6 42 38 30 29 15 18 31 10 22 26 6 18 30 37 20 4 27 4 16 5 15 6 19 19 10 26 31 25 30 38 13 28 17 31 5 21 0 11 16 30 18 3 30 39 18 21 11 33
19 40 15 3 20 34 33 3 4 7 1 20 35 25 29 18 25 26 15 3 24 41 23 27 28 32 36 32 38 3 36 29 27 35 32 6 16 5 10 37 34 13 2 13 16 38 24 39 14 8 2 9 13 24 29 17 11 22 19 13 13 14 14 27 24 29 12 29 10 22 5 31 16 22 2 38 4 36 23 12 38 11 13 15 15 34 34 5 22 22 32 1 38 23 33
3 29 35 7 28 2 31 16 9 16 5 28 40 40 31 13 4 16 39 23 2 26 21 14 31 3 26 28 36 27 18 29 8 0 25 11 22 22 15 11 29 12 26 19 1 36 10 32 32 24 20 5 33 30 23 4 15 35 5 31 7 1 14 6 2 3 29 28 26 27 28 25 39 20 26 24 13 0 8 25 11 25 15 39 5 29 33 32 20 8 4 15 9 40 18
26 25 35 27 19 26 3 34 34 10 1 14 36 34 34 10 7 32 9 24 32 4 5 10 17 9 20 19 8 2 26 3 15 35 20 2 33 32 33 16 16 14 25 23 17 35 11 37 13 28 1 29 39 29 39 5 26 11 18 2 23 11 12 13 29 11 8 39 37 35 22 5 39 23 20 24 24 16 0 15 19 17 22 35 9 16 35 20 24 2 4 1 13 38 27
9 21 8 21 27 31 1 4 11 10 24 24 18 22 34 30 8 25 16 20 14 13 4 32 11 11 20 1 33 27 14 3 25 33 13 34 3 5 37 9 30 26 28 16 15 3 8 7 35 13 5 10 17 28 5 19 38 24 22 36 20 0 29 1 16 8 29 23 28 17 13 1 37 6 31 31 16 2 38 27 32 9 10 33 15 29 3 36 3 17 3 3 38 22 12
30 24 20 3 4 27 34 33 35 8 14 15 11 30 21 16 30 0 10 33 30 19 9 18 1 5 34 14 10 28 5 22 34 28 2 2 36 2 28 30 3 21 28 8 29 35 15 36 12 20 29 4 35 3 31 33 4 1 8 11 37 16 32 17 24 26 16 27 30 31 4 31 2 20 25 30 21 31 3 5 4 25 0 26 2 12 26 12 22 34 22 7 24 25 15
20 35 24 4 12 22 11 29 15 16 7 33 26 7 3 17 9 4 11 23 5 28 27 24 12 36 29 22 2 16 9 8 32 34 8 9 36 32 35 1 23 22 15 2 36 34 11 5 15 20 23 31 19 12 30 14 9 36 7 21 8 10 28 3 3 8 15 23 4 34 20 19 9 31 27 13 32 23 25 8 12 34 13 2 15 19 21 28 33 8 15 9 15 13 16
4 3 28 12 33 31 5 35 28 35 19 16 16 17 23 19 27 14 32 35 3 27 10 10 11 9 11 31 28 3 18 32 3 23 18 1 6 27 25 18 30 35 8 29 13 1 19 31 25 23 17 4 5 35 15 11 5 25 16 11 2 34 5 13 30 6 8 29 4 12 4 20 31 2 22 14 29 10 11 29 23 0 23 31 24 16 11 17 2 15 3 8 26 20 18
34 6 16 21 30 5 18 29 32 31 27 1 30 29 33 27 32 2 12 21 30 14 25 5 3 10 7 6 20 17 5 2 4 19 12 15 3 12 31 19 14 21 10 20 2 15 26 29 9 26 28 0 5 4 22 22 30 33 22 6 16 8 26 1 8 16 21 24 34 11 13 21 28 8 11 11 6 17 25 12 1 27 12 10 12 30 0 10 8 22 13 6 19 11 3
17 1 2 27 12 6 19 22 32 8 0 13 29 2 21 30 7 13 18 26 11 11 0 33 1 6 27 13 7 5 7 29 3 4 8 23 31 14 25 2 27 2 3 1 2 32 15 28 5 6 29 0 15 19 14 31 1 33 24 3 27 23 23 25 14 17 14 14 31 28 31 26 16 4 29 7 25 33 23 4 29 13 31 21 7 9 31 5 24 11 31 20 5 30 22
27 26 11 7 26 28 22 30 21 19 5 16 29 15 17 10 8 12 18 10 4 12 13 15 9 9 11 4 30 10 6 25 31 2 29 2 9 15 0 6 31 24 24 17 12 14 19 32 26 21 25 5 31 20 24 25 18 2 29 2 1 7 19 17 10 31 31 1 1 19 8 22 27 29 25 4 25 24 20 10 26 0 1 9 31 2 30 3 27 6 4 11 20 23 16
9 19 11 26 25 10 20 26 16 24 4 6 17 31 16 7 31 15 10 22 18 27 23 24 30 22 8 17 11 23 22 23 29 17 31 20 16 3 10 17 7 16 15 16 30 26 5 6 12 31 14 21 25 5 12 28 0 3 22 25 7 4 28 21 21 7 20 18 5 24 31 15 9 14 17 18 25 0 13 0 23 0 16 29 21 27 15 0 11 22 7 4 3 5 19
1 14 26 25 3 2 4 6 18 0 10 3 30 11 26 12 26 7 25 27 0 3 1 20 30 27 23 12 13 16 19 24 29 3 30 28 5 14 27 13 18 12 4 20 11 24 21 6 24 8 11 22 17 25 7 21 17 10 22 3 18 19 22 4 19 18 22 21 28 16 19 18 8 6 19 13 18 24 26 8 10 9 15 18 11 12 7 18 26 23 7 3 6 9 0
15 28 10 19 17 24 23 4 10 9 26 17 13 2 22 15 21 22 20 18 4 7 19 9 28 21 26 11 1 28 5 11 6 1 20 12 6 13 15 24 4 25 9 17 7 12 27 29 26 5 3 15 29 11 9 0 18 27 15 26 13 18 24 29 27 5 5 6 26 8 21 12 18 29 3 18 5 25 19 16 5 20 6 5 5 23 6 1 4 13 6 13 5 23 10
0 17 27 6 21 12 25 26 26 13 6 8 25 15 19 17 2 12 4 22 19 0 13 23 17 3 10 20 23 25 9 7 25 24 10 3 19 8 9 23 9 8 16 4 9 18 15 0 13 18 7 2 18 2 13 11 26 14 15 15 3 16 5 7 11 11 3 23 0 7 16 14 14 3 7 20 16 27 4 23 18 19 2 20 2 28 28 10 4 11 16 14 5 28 6
3 24 9 14 22 3 6 13 14 5 1 11 18 16 20 26 8 27 11 16 27 19 10 15 18 20 18 18 25 7 11 13 5 1 22 24 26 24 25 12 20 5 19 8 20 15 27 15 1 9 13 25 6 5 0 6 10 2 16 23 0 20 6 16 23 27 13 27 22 10 25 23 9 1 21 16 8 7 10 17 20 12 14 25 9 3 6 8 18 23 2 22 5 2 4
13 5 21 26 9 20 22 2 24 14 9 1 24 7 0 16 6 5 22 25 14 23 13 12 12 23 11 17 2 12 6 18 2 19 18 5 19 16 7 6 24 3 1 1 16 4 22 6 24 26 8 12 4 0 2 0 3 15 1 8 18 18 25 1 1 10 23 18 0 26 14 25 10 2 9 4 10 13 8 8 8 11 1 2 3 5 25 14 26 1 15 6 18 8 20
20 15 20 24 19 5 2 20 12 2 14 11 16 12 6 11 5 5 23 12 18 16 7 22 15 10 9 14 8 19 8 4 23 6 22 6 25 4 5 1 19 16 1 18 9 0 17 23 13 17 7 14 7 21 17 12 15 14 5 24 11 13 2 1 12 9 2 1 10 13 9 14 23 15 5 0 6 8 6 3 10 20 16 18 10 4 19 6 8 9 9 19 4 17 25
23 19 0 15 19 11 18 12 3 3 8 21 20 12 15 21 18 3 22 22 6 23 2 16 24 4 20 5 7 9 9 18 3 21 20 13 7 22 9 0 24 5 7 22 24 24 10 14 15 0 8 10 10 18 10 2 9 1 16 15 20 8 11 17 19 15 18 3 0 17 14 7 1 2 13 4 24 24 6 16 5 22 5 14 18 13 11 15 16 16 21 24 5 14 12
0 2 11 13 5 17 6 17 19 10 21 11 15 3 11 15 1 5 4 15 3 13 7 21 2 11 16 14 3 5 20 22 18 20 10 2 17 13 1 6 6 1 15 18 20 18 12 18 12 19 4 7 18 4 22 3 4 23 20 22 9 12 3 14 19 4 2 12 23 0 20 2 9 23 0 16 8 10 22 0 20 3 21 19 11 2 18 20 10 1 17 3 18 23 6
8 11 10 0 18 1 11 13 3 9 6 6 14 6 14 8 9 16 13 20 18 20 15 9 7 20 22 5 19 22 16 5 22 15 1 11 22 12 17 1 16 19 14 16 4 1 6 21 5 21 15 17 16 2 16 2 5 4 21 14 17 14 11 13 11 0 12 3 18 21 10 5 19 16 16 7 12 1 10 2 4 5 17 7 21 1 2 4 16 3 17 7 1 10 9
15 16 15 18 0 9 9 19 17 0 20 1 4 18 18 7 14 10 9 4 21 21 3 11 10 18 12 13 9 12 14 14 4 8 8 18 18 10 2 14 17 18 4 6 15 17 0 0 4 11 19 3 17 3 3 6 11 16 8 20 14 1 6 5 10 14 10 4 13 11 12 21 8 5 7 3 16 14 13 11 3 11 21 7 20 5 10 17 21 17 10 2 8 1 15
0 1 19 3 1 17 2 7 16 9 8 12 2 16 20 20 20 20 7 7 17 12 9 13 10 15 15 12 4 6 5 2 14 19 14 6 18 5 5 20 13 11 4 16 5 10 17 17 9 15 19 14 0 20 9 11 2 18 12 8 16 11 0 4 20 7 7 17 0 19 18 5 8 15 6 4 13 5 6 7 10 7 4 5 2 12 19 16 4 11 5 6 13 0 1
9 10 19 11 15 17 16 18 12 7 19 14 1 9 1 9 15 0 13 14 15 9 4 19 4 13 2 6 0 0 0 8 6 8 9 1 19 19 6 9 2 8 13 2 13 10 16 5 12 14 10 3 12 3 7 0 0 4 3 11 18 14 16 7 5 3 17 16 1 12 4 0 13 8 4 2 2 13 5 14 3 0 14 14 13 2 9 1 14 3 15 14 5 3 6
0 14 15 6 11 4 18 18 18 4 2 0 6 5 18 3 12 4 6 18 18 11 8 3 1 8 2 11 16 18 16 5 9 8 17 12 12 12 13 11 9 3 16 3 5 10 14 0 9 16 5 13 9 18 18 10 7 17 16 9 16 2 1 0 12 18 18 12 2 7 8 2 9 9 4 8 10 7 5 1 5 7 6 1 2 16 4 6 3 7 12 13 2 4 15
16 6 16 1 14 9 6 15 12 17 13 10 7 8 0 7 7 12 1 10 3 11 15 17 4 2 6 2 8 7 16 6 7 2 13 13 1 1 2 16 3 7 8 8 11 9 12 15 3 15 0 9 3 5 8 0 10 11 3 4 0 10 17 11 1 8 8 10 1 5 11 3 11 13 17 15 2 17 6 15 2 2 11 2 4 9 4 2 3 11 8 11 9 10 16
4 0 8 13 0 14 0 8 8 7 12 16 1 1 11 5 16 9 4 8 7 15 10 2 11 2 6 12 10 7 14 7 5 3 3 15 1 6 11 16 5 6 8 0 6 3 13 3 11 4 8 5 2 5 8 7 4 1 4 16 4 1 15 14 6 5 5 15 13 14 4 15 2 6 3 9 7 2 3 0 12 11 12 3 9 3 7 5 3 3 5 16 6 9 10
5 11 15 13 3 12 1 9 1 1 13 2 13 7 15 8 9 12 6 10 8 2 0 9 4 5 0 2 3 9 1 7 12 0 9 1 9 13 4 9 2 10 9 12 3 5 6 8 8 7 7 4 9 14 15 10 8 11 2 6 10 10 4 9 11 15 15 10 8 14 7 10 2 7 8 14 10 15 4 3 0 14 2 9 10 2 1 14 5 14 4 3 11 14 12
7 6 7 12 11 2 12 8 12 5 3 2 0 4 9 6 2 13 12 12 4 10 14 8 14 1 8 0 14 8 7 12 0 0 13 3 10 6 5 10 2 12 5 2 10 11 4 11 5 10 3 0 7 9 1 1 2 1 7 3 3 4 5 5 6 12 12 5 6 8 8 6 10 10 6 5 14 5 12 8 9 0 6 9 10 5 11 10 2 10 8 0 8 9 13
1 10 3 5 10 4 0 2 9 2 10 8 6 12 8 4 12 13 12 4 4 5 3 7 13 12 13 10 13 4 3 3 7 3 4 10 8 13 7 6 0 2 0 2 8 7 5 1 5 8 3 10 1 13 12 13 0 8 8 5 12 5 11 11 5 6 12 6 5 1 11 13 12 7 6 1 6 7 3 6 1 11 6 9 8 13 1 6 9 9 13 1 9 9 4
7 8 11 12 10 9 4 11 5 6 2 9 6 11 4 10 11 5 6 0 9 1 12 2 8 11 1 2 9 12 5 8 6 2 6 4 1 4 6 10 8 5 9 10 0 2 3 7 0 0 1 7 10 12 12 3 10 7 9 6 3 8 0 10 6 4 9 10 10 3 7 12 1 0 10 0 10 4 12 10 10 2 0 2 8 9 11 1 11 0 7 0 2 7 5
8 3 11 0 9 10 9 4 4 5 3 2 1 11 6 7 10 10 11 7 6 3 9 5 0 11 1 2 11 1 4 5 10 3 11 1 0 11 10 11 1 8 0 1 0 8 6 8 9 8 4 3 8 9 4 1 4 2 11 0 11 7 3 7 7 5 0 2 7 5 11 1 11 11 2 4 0 10 5 5 8 7 0 1 3 2 10 2 11 11 8 2 0 7 6
6 5 1 9 10 0 10 0 1 5 3 3 8 4 8 8 6 8 6 1 4 6 10 7 8 9 2 2 7 2 2 2 2 2 0 5 6 8 6 6 9 0 8 8 6 0 3 0 8 0 1 7 7 8 1 1 0 3 7 4 9 1 7 7 4 6 4 6 3 7 2 2 9 9 7 1 7 1 7 0 9 6 4 8 8 7 2 7 0 9 8 7 7 4 5
9 8 4 4 3 6 8 7 5 0 1 0 0 7 8 3 7 0 7 4 0 3 1 3 3 7 2 0 6 2 7 2 2 2 2 2 7 2 0 2 3 0 8 7 9 6 5 7 1 6 1 6 6 6 4 6 5 9 0 0 4 5 0 5 0 4 7 8 4 5 1 8 7 8 1 6 8 2 8 2 9 7 0 7 4 8 0 6 7 8 2 2 1 4 3
8 7 8 0 5 3 0 0 3 4 2 5 5 3 0 4 8 3 1 0 1 1 7 4 4 6 7 6 8 6 6 6 4 6 4 4 6 0 6 8 6 4 4 6 5 6 3 1 2 2 2 5 8 7 3 7 4 5 2 2 3 1 4 5 5 3 1 4 1 2 4 2 2 7 2 8 0 0 7 4 2 8 4 1 0 4 1 5 0 4 5 2 7 1 6
7 0 5 1 2 7 6 5 0 3 2 2 0 7 0 6 7 6 1 0 7 1 4 3 0 1 1 2 7 0 7 0 3 2 3 1 1 1 2 7 1 3 1 3 2 3 5 3 0 5 0 6 5 6 4 4 6 4 2 2 1 6 6 6 6 5 0 6 1 5 3 0 4 4 3 4 6 3 4 4 4 3 0 1 6 2 3 3 3 6 3 1 3 4 7
0 3 4 4 3 6 2 6 5 6 4 0 3 4 4 1 1 1 1 1 6 3 2 6 3 0 5 3 5 1 6 5 6 3 6 3 1 5 1 6 1 6 5 3 3 5 2 6 2 5 2 2 2 5 6 2 2 4 0 1 4 4 1 0 1 1 1 6 0 2 6 5 0 5 0 0 6 0 5 1 4 6 5 1 4 1 6 5 5 1 6 4 5 4 3
0 3 4 4 3 6 2 6 5 6 4 0 3 4 4 1 1 1 1 1 6 3 2 6 3 0 5 3 5 1 6 5 6 3 6 3 1 5 1 6 1 6 5 3 3 5 2 6 2 5 2 2 2 5 6 2 2 4 0 1 4 4 1 0 1 1 1 6 0 2 6 5 0 5 0 0 6 0 5 1 4 6 5 1 4 1 6 5 5 1 6 4 5 4 3
