38 37 7 20 5 9 35 34 15 25 19 7 8 21 22 25 4 36 10 1 13 9 15 14 35 2 0 37 27 38 9 40 11 2 31 3 16 14 38 32 18 24 1 36 28 30 18 24 9 7 17 13 37 19 6 26 13 25 8 17 2 6 3 31 23 10 23 11 20 13 29 28 14 25 5 33 39 5 21 19 38 27 34 23 15 12 20 26 25 10 1 31 35 15 39 29 6 16 40 35 23 22 5 37 25 16 7 38 12 18 27 7 2 26 4 32 18 33 20 37 0
10 14 28 32 12 3 13 18 1 8 37 0 30 12 2 13 18 31 17 9 35 23 25 27 38 19 39 5 35 11 24 28 29 24 0 4 28 22 34 7 10 27 20 36 5 9 1 33 27 24 19 31 16 0 34 27 11 29 3 5 33 2 23 37 9 35 38 19 18 12 4 37 0 3 7 14 30 34 33 35 17 6 32 18 22 10 1 0 16 3 5 1 37 31 38 26 2 15 6 18 20 33 7 23 39 4 29 19 24 38 14 4 39 8 32 11 34 1 22 16 21
34 27 33 23 24 2 12 6 16 20 30 13 2 0 12 21 19 26 5 1 32 37 31 32 26 20 38 11 15 25 19 33 27 8 10 27 13 30 24 29 34 9 1 31 35 11 21 36 1 22 5 18 33 19 0 38 22 14 11 3 16 10 13 36 23 12 11 37 31 5 23 17 35 4 21 16 26 33 34 36 27 28 38 16 7 14 29 22 14 13 9 29 18 6 34 8 20 21 3 10 36 35 7 15 1 0 28 24 17 38 25 3 12 14 32 18 33 38 27 6 8
17 36 6 16 32 0 14 35 33 26 10 37 8 30 36 19 31 27 4 11 24 28 33 26 2 32 20 15 1 13 35 27 29 7 35 24 18 1 8 30 3 22 2 37 29 10 7 14 15 23 33 8 5 6 16 35 3 0 26 6 12 19 31 32 8 14 10 12 21 19 30 18 11 33 25 22 23 18 25 20 37 13 19 35 34 0 14 7 11 5 22 31 7 26 36 1 37 10 13 24 15 10 21 36 11 28 17 3 9 18 34 1 25 29 23 13 20 9 31 12 36
25 18 29 21 27 28 22 30 24 15 2 20 15 12 26 23 10 3 16 21 18 7 24 34 6 8 33 2 17 23 14 12 29 10 14 17 16 7 30 0 15 8 3 34 21 19 32 31 34 17 23 27 22 13 1 12 30 20 7 10 11 33 34 31 9 0 0 13 23 30 36 15 32 24 35 4 6 15 8 3 33 2 9 29 28 10 21 26 14 2 13 6 31 18 11 21 27 30 5 26 7 5 10 22 12 15 19 18 20 28 4 35 0 1 30 14 25 29 13 32 18
18 13 4 10 7 17 34 2 21 26 15 26 30 29 33 4 21 0 11 9 10 22 25 0 12 5 1 28 26 8 30 23 20 9 4 28 31 20 15 24 34 19 3 12 16 3 9 14 17 1 12 7 22 18 13 21 29 5 6 10 33 11 26 20 14 4 15 26 30 4 8 3 28 33 29 2 6 11 7 34 3 35 29 5 6 26 32 16 22 32 17 16 6 8 3 19 23 21 35 6 21 33 30 29 10 7 5 1 19 24 24 14 18 17 0 20 35 28 16 8 5
16 18 20 13 21 32 0 11 22 4 19 17 0 6 25 22 1 16 23 10 2 9 4 33 13 26 34 14 25 30 15 29 17 30 7 1 12 27 3 32 10 19 34 0 34 24 11 32 20 2 13 27 6 8 10 7 5 15 31 23 6 14 24 26 0 11 2 4 26 11 24 0 7 9 18 23 29 1 13 9 4 8 26 22 28 34 19 12 10 17 34 16 19 21 27 14 9 13 22 15 1 25 10 14 20 18 32 21 26 28 8 12 28 29 3 27 17 5 16 25 18
29 15 25 9 12 17 7 19 27 4 24 14 3 24 15 8 10 9 16 31 11 21 19 30 21 31 2 14 29 28 4 13 12 17 25 12 6 22 9 1 27 23 24 28 3 33 1 25 18 19 23 29 0 14 32 27 12 28 24 32 2 0 22 6 17 30 24 6 13 20 14 8 4 9 5 23 1 12 11 14 18 5 6 21 26 33 0 2 4 27 19 33 15 32 13 7 14 18 3 23 22 26 16 7 21 10 5 1 32 13 31 2 7 5 6 25 22 3 15 33 20
28 8 22 0 32 24 11 2 29 17 14 15 2 7 8 11 5 10 22 16 20 19 16 17 15 1 2 26 19 0 32 21 28 18 12 10 27 28 16 13 11 2 24 23 21 7 24 4 3 10 9 16 20 1 30 3 13 9 2 23 18 5 21 31 7 29 7 32 1 12 8 14 22 25 5 18 4 1 14 19 6 24 4 21 13 17 12 10 25 26 13 30 27 17 3 32 23 4 24 31 5 4 9 16 23 0 17 28 14 22 17 1 11 3 10 12 15 6 30 2 21
14 29 25 7 3 2 9 30 16 22 18 25 27 8 31 26 28 5 1 12 20 13 16 23 1 13 8 25 20 0 30 27 15 6 10 17 5 0 19 2 13 28 29 14 0 21 19 22 31 15 4 23 27 13 28 11 7 31 9 19 3 6 17 15 24 21 10 3 30 14 29 9 19 28 18 6 26 24 28 23 2 15 8 3 26 17 12 10 15 5 6 18 9 7 23 12 11 19 29 1 9 26 30 4 10 27 24 21 25 7 12 2 10 21 16 20 17 8 3 28 24
6 28 8 16 14 12 20 22 30 23 4 14 22 19 20 21 11 25 12 27 9 7 3 26 11 22 13 8 21 14 16 18 19 11 15 18 26 30 14 28 25 20 13 29 19 30 10 17 16 9 7 13 28 2 15 15 9 28 25 8 13 16 5 22 24 21 0 7 24 4 11 22 9 17 25 10 20 4 11 21 14 15 0 6 20 23 1 25 10 2 26 24 22 5 23 7 12 6 11 16 27 30 23 1 10 2 21 24 28 3 18 1 20 3 19 27 5 16 8 29 17
11 0 10 22 8 25 18 7 1 13 15 24 8 20 9 18 4 2 6 15 29 3 16 26 25 10 14 12 0 3 9 5 21 27 18 9 15 17 2 26 21 24 1 16 7 15 0 1 26 19 8 11 20 27 13 4 29 23 14 11 1 9 25 19 26 7 8 20 4 18 12 13 22 29 23 28 19 14 9 8 13 28 5 3 0 26 11 25 29 17 27 21 19 8 20 22 28 14 0 0 7 26 29 13 9 5 23 2 3 1 6 19 18 11 21 3 10 13 4 12 20
9 24 16 25 14 27 10 17 13 20 23 19 27 0 11 15 12 20 23 28 3 2 23 6 7 2 21 11 4 19 20 9 10 7 12 10 0 25 2 22 6 5 14 21 4 0 24 5 10 7 14 8 1 2 27 18 17 6 26 4 25 23 12 0 21 28 15 14 19 10 1 28 8 22 23 6 0 28 8 1 21 17 16 13 26 15 25 19 21 18 5 27 2 8 0 25 6 11 7 25 16 22 20 24 3 11 5 14 23 13 0 26 11 3 9 20 24 28 27 1 12
7 23 16 17 6 13 18 4 22 26 3 1 12 7 10 8 24 22 3 14 25 11 25 5 21 6 15 18 20 23 11 2 12 13 15 18 22 1 2 5 21 27 7 6 12 27 3 8 9 11 26 10 13 18 2 3 4 19 11 12 20 8 17 1 22 24 27 26 1 7 23 17 3 16 5 20 9 23 25 22 2 14 5 9 6 3 13 0 21 9 4 15 0 12 10 27 17 19 18 17 7 24 14 5 19 11 2 23 0 22 22 20 10 19 13 0 21 1 16 15 27
20 11 24 26 14 13 12 6 3 23 8 13 18 6 20 0 19 26 11 24 12 9 10 14 26 12 23 9 18 0 21 1 19 17 15 18 21 1 26 11 10 12 8 13 18 8 5 3 15 25 9 4 7 16 26 21 9 20 8 12 23 5 22 25 13 24 25 13 23 16 3 2 17 9 1 5 21 23 4 9 14 19 21 7 2 22 3 10 7 2 1 17 13 22 6 20 16 24 18 14 17 21 6 5 0 3 12 19 4 20 22 26 2 1 24 7 10 18 13 17 25
10 24 3 1 25 17 12 16 0 4 20 12 20 23 9 18 5 19 25 6 22 8 9 11 13 20 16 23 4 7 21 12 24 20 12 4 7 13 2 22 17 23 14 15 19 16 15 3 9 1 18 4 12 25 17 15 4 12 6 2 25 14 11 8 23 3 2 8 24 15 3 0 6 10 14 21 18 24 3 9 0 21 20 17 22 16 10 25 23 18 7 2 17 4 10 1 15 9 6 21 5 25 10 11 7 0 8 24 16 22 14 1 21 13 6 24 9 19 22 7 5
12 16 11 22 7 8 20 14 0 19 17 13 10 17 8 11 0 1 18 23 15 2 17 0 15 2 14 20 21 11 19 8 16 4 22 23 19 8 2 24 6 21 11 10 2 19 24 11 20 5 3 0 4 22 1 21 1 22 14 2 11 7 5 17 18 24 10 6 4 0 5 18 17 23 15 1 3 18 3 9 20 10 6 12 2 11 4 8 1 4 16 5 15 9 0 8 7 10 6 3 9 19 7 13 24 5 21 1 23 20 0 24 8 1 19 12 6 15 13 16 9
0 23 20 17 13 9 11 8 10 22 15 11 1 4 8 21 20 13 12 16 5 3 14 9 23 12 22 5 8 3 0 1 19 20 5 18 21 1 7 0 22 12 10 14 12 16 15 10 14 13 3 6 23 18 20 10 8 3 4 23 11 17 15 7 12 21 5 2 6 19 12 22 4 9 21 14 7 4 13 14 9 18 1 5 16 11 19 22 18 6 1 16 11 17 19 4 8 15 5 1 7 21 6 19 2 15 18 14 20 10 8 15 16 20 17 0 1 21 13 3 2
6 22 11 16 1 2 10 7 13 5 3 11 16 4 19 13 15 8 5 9 18 20 22 15 9 21 8 20 4 13 11 2 0 19 8 14 7 16 0 11 22 21 13 6 7 18 1 13 11 14 16 17 8 22 21 16 11 12 14 17 8 7 1 3 20 5 18 19 2 6 15 5 21 10 17 8 7 3 7 20 17 4 19 18 0 12 6 10 15 2 0 8 12 1 5 6 14 3 4 4 12 18 20 21 3 14 11 16 17 13 20 14 3 4 6 17 13 9 7 0 2
18 1 6 8 12 16 17 11 3 19 7 17 11 14 19 20 3 10 16 13 1 5 19 2 20 17 18 4 21 9 15 10 14 9 18 3 5 0 15 1 2 7 21 8 13 4 15 14 9 5 8 3 19 6 11 5 9 7 2 4 14 11 13 0 20 21 8 3 12 6 5 21 2 10 1 9 17 21 10 0 4 15 9 18 7 2 3 12 1 15 19 13 8 2 12 20 4 16 0 20 12 2 1 7 17 16 21 5 13 9 6 0 4 16 2 11 7 1 20 15 10
17 16 6 9 18 4 7 12 1 5 15 13 7 20 3 5 10 1 17 11 14 18 9 12 13 17 16 14 20 3 19 8 7 10 20 1 19 7 0 15 9 13 11 4 14 3 17 20 11 12 18 0 6 19 13 7 18 2 14 4 16 5 13 20 12 9 4 5 19 13 1 9 3 8 17 6 2 11 13 8 6 17 18 14 10 2 15 12 2 14 10 12 8 6 4 16 0 9 5 6 4 16 2 15 7 8 5 10 20 3 0 19 15 18 9 20 11 1 12 2 14
13 3 8 16 18 12 0 15 7 14 11 0 11 1 10 14 15 3 19 18 2 12 3 18 0 15 12 5 9 10 17 4 6 11 9 13 6 4 18 17 1 8 5 10 8 10 18 1 5 0 7 6 2 15 4 1 5 9 2 6 19 18 16 12 8 13 14 12 11 4 13 7 10 8 3 0 19 10 1 7 14 19 4 16 18 6 13 3 16 2 6 0 1 14 12 4 15 19 17 19 4 17 3 9 13 2 11 10 1 7 9 13 14 7 17 11 4 5 16 3 8
3 17 14 10 2 16 1 15 9 5 18 14 18 2 13 0 17 6 8 11 16 9 10 4 5 1 3 8 12 9 2 14 0 11 14 17 8 4 5 2 10 13 15 16 8 2 15 18 11 7 0 16 5 1 14 5 6 12 4 15 1 8 18 7 0 2 2 9 7 17 13 6 14 0 10 12 1 17 16 18 15 7 12 10 13 14 4 3 1 0 6 2 17 4 9 11 15 18 8 13 5 1 11 14 2 15 3 16 9 6 9 15 8 3 1 13 16 5 18 2 12
17 16 15 11 7 3 8 2 4 0 14 1 8 5 17 2 14 16 0 7 11 13 12 2 13 10 6 4 3 14 15 16 8 9 15 7 0 8 11 1 10 2 3 17 14 0 3 12 9 15 2 5 11 8 4 8 12 14 6 10 5 7 16 13 1 15 11 6 10 3 16 17 12 4 5 9 2 10 14 16 4 1 9 5 15 12 13 0 16 13 8 14 15 7 10 11 3 6 12 5 17 9 7 11 16 13 1 14 2 3 13 11 2 15 12 1 9 17 8 4 7
14 0 3 7 4 5 10 13 12 6 9 11 6 5 14 13 7 15 0 3 2 16 10 2 15 9 5 12 6 1 13 0 4 6 8 0 1 10 2 9 3 14 15 12 13 7 2 4 3 11 12 10 1 9 14 1 12 16 11 15 10 3 8 4 5 2 9 3 4 13 16 1 7 14 11 8 0 2 13 8 6 9 14 5 12 15 7 3 5 16 1 12 0 15 4 6 8 13 10 12 11 6 10 2 3 0 5 16 4 8 7 4 13 0 8 16 11 2 9 12 5
12 2 6 14 13 11 7 0 3 10 4 10 9 4 11 7 3 8 6 2 13 12 8 13 2 6 14 1 5 3 9 4 7 15 1 9 4 5 10 6 8 14 0 11 6 3 0 15 8 7 2 13 10 9 14 0 8 14 2 11 15 9 1 5 12 6 9 10 15 8 3 0 13 14 7 2 1 2 7 12 1 6 4 3 11 15 8 9 13 14 10 5 2 12 15 4 6 3 0 4 11 7 3 1 5 10 9 8 14 13 7 15 8 0 4 13 11 2 12 6 5
9 10 0 6 14 3 4 1 7 2 13 13 3 4 2 1 5 12 11 0 9 6 11 9 12 7 3 10 0 8 5 13 14 0 1 8 11 5 13 9 12 14 3 10 5 6 9 4 8 11 10 7 13 0 12 4 14 2 10 12 1 3 5 8 7 11 8 11 3 14 0 2 7 6 1 4 9 6 12 7 8 10 4 5 13 2 11 3 2 13 6 9 11 12 14 0 4 1 7 1 4 5 0 2 9 13 3 11 14 8 7 0 10 3 4 14 1 9 12 6 5
9 8 5 6 11 13 2 3 10 4 1 13 12 3 10 7 8 1 6 5 11 0 2 1 6 5 13 0 4 8 9 10 12 11 13 4 0 9 1 10 5 7 3 6 4 3 9 11 5 12 7 13 2 0 8 0 5 10 12 6 3 11 4 1 13 2 12 7 11 1 4 2 8 10 6 9 3 5 9 13 8 12 6 3 7 4 2 11 8 11 2 3 1 4 0 12 13 6 9 3 10 8 7 2 9 5 11 0 1 13 6 4 0 9 3 11 12 2 8 5 10
4 11 12 2 10 8 5 3 7 6 1 7 9 5 6 3 4 12 1 10 11 2 3 12 8 7 2 1 11 4 0 9 10 9 1 2 10 6 0 7 12 5 3 4 11 6 9 0 5 2 3 10 8 7 12 5 0 4 8 9 6 1 7 11 2 3 1 7 3 5 4 11 2 8 9 12 6 10 2 1 9 7 12 6 0 4 5 8 6 8 7 4 1 3 10 5 12 0 11 12 10 6 11 0 5 8 2 3 1 9 2 3 0 12 8 9 4 11 6 10 7
4 11 12 2 10 8 5 3 7 6 1 7 9 5 6 3 4 12 1 10 11 2 3 12 8 7 2 1 11 4 0 9 10 9 1 2 10 6 0 7 12 5 3 4 11 6 9 0 5 2 3 10 8 7 12 5 0 4 8 9 6 1 7 11 2 3 1 7 3 5 4 11 2 8 9 12 6 10 2 1 9 7 12 6 0 4 5 8 6 8 7 4 1 3 10 5 12 0 11 12 10 6 11 0 5 8 2 3 1 9 2 3 0 12 8 9 4 11 6 10 7
