2 32 5 24 31 12 19 11 16 13 14 6 8 15 28 26 25 2 15 0 16 17 6 8 13 29 12 21 9 29 3 0 19 17 5 7 23 16 32 15 18 1 31 28 19 9 15 24 20 3 22 27 18 14 24 12 27 18 2 25 6 13 20 17 4 20 21 32 7 8 1 24 28 13 30 16 25 29 18 23 4
10 5 12 26 27 2 9 14 24 12 29 14 0 1 28 10 23 9 21 28 23 3 17 20 2 6 26 13 14 25 2 28 5 17 7 20 8 31 0 30 16 29 3 21 1 28 21 16 25 7 27 24 10 15 14 7 27 11 30 13 0 20 21 3 11 1 17 12 9 21 8 0 26 22 8 31 18 1 4 2 17
1 17 16 9 30 24 6 11 27 19 24 8 5 2 1 17 30 29 29 26 21 1 28 3 4 23 9 28 14 7 29 21 26 10 3 30 18 5 17 27 12 20 14 15 7 22 4 29 10 18 19 12 17 5 26 23 6 24 27 5 20 19 18 4 25 30 11 16 28 8 27 24 24 6 15 20 25 18 0 28 11
4 24 7 28 10 1 26 17 0 0 21 11 5 6 23 3 2 24 26 27 16 25 2 21 19 9 7 20 9 21 13 15 17 16 6 5 22 3 6 16 1 4 10 12 25 17 4 2 21 13 14 9 1 10 10 18 5 0 4 26 8 7 21 5 26 25 8 24 15 14 23 20 13 20 18 14 0 25 5 29 11
26 13 5 11 25 7 8 3 17 16 0 3 27 17 10 4 19 1 28 6 2 21 7 22 23 25 24 15 4 28 20 16 1 13 0 8 7 11 26 18 4 20 28 15 27 2 14 27 12 3 5 17 23 28 19 5 8 14 22 4 6 7 20 10 28 0 4 2 25 9 21 19 9 17 6 19 26 12 16 11 13
16 3 1 20 26 4 17 11 23 15 12 4 27 14 22 23 19 26 6 26 23 16 0 8 4 15 3 12 1 9 18 17 3 0 16 5 17 18 26 12 9 24 8 10 2 8 25 0 11 3 10 21 14 19 3 24 6 8 13 25 27 5 20 13 8 27 15 19 9 11 0 25 21 16 24 23 10 6 3 13 14
13 7 6 26 5 21 10 1 18 22 11 5 17 20 8 12 14 2 16 4 14 18 0 5 20 23 9 7 10 0 5 14 16 9 11 20 8 26 1 21 19 17 4 15 6 5 12 15 24 16 7 8 26 14 26 24 25 6 13 18 21 22 23 2 3 8 23 24 22 25 10 13 9 0 16 25 2 12 7 19 4
8 18 3 7 1 13 14 22 9 17 4 20 24 0 18 11 10 2 16 24 7 21 11 1 0 6 4 11 8 23 6 2 22 15 19 3 15 12 9 18 16 19 5 14 20 6 5 24 14 22 3 9 2 19 22 23 19 1 21 2 25 15 18 0 15 17 10 7 11 16 9 12 1 25 11 4 3 10 13 5 17
23 19 6 12 18 24 5 3 20 5 8 9 13 3 17 22 24 1 19 20 11 5 12 15 14 4 2 13 10 19 3 14 2 11 16 7 22 18 23 16 19 0 7 13 21 15 4 8 1 10 21 17 23 9 11 0 15 17 13 23 20 12 22 20 12 3 19 15 5 2 1 24 7 22 24 8 1 11 16 14 6
6 5 22 12 10 9 21 2 8 14 21 9 15 19 2 11 18 0 19 2 14 1 23 5 0 12 3 21 18 5 7 8 4 10 15 16 2 11 17 4 15 7 14 6 21 4 22 1 11 16 12 17 7 15 11 15 13 6 7 23 1 21 17 17 20 8 19 22 14 6 16 2 3 1 18 10 5 8 13 22 20
4 1 18 3 13 6 5 12 10 8 2 5 6 14 21 22 18 4 11 19 17 21 22 5 12 8 7 22 9 10 11 18 13 17 15 12 7 5 13 0 15 20 8 9 3 2 12 20 7 3 10 4 0 19 10 13 14 16 5 11 7 17 1 15 8 21 4 6 18 9 13 11 21 10 9 15 1 8 20 5 22
1 14 15 3 7 9 21 17 10 19 8 20 2 13 14 11 5 6 17 12 9 0 5 2 15 21 1 16 11 17 6 15 3 12 10 14 0 2 13 21 19 4 7 20 8 3 7 0 12 16 11 6 13 21 11 1 14 18 8 13 10 7 19 4 16 5 20 17 19 3 14 13 2 13 21 10 6 5 20 4 0
19 5 1 12 10 20 6 16 15 13 2 11 5 7 4 9 8 6 6 14 9 18 8 13 20 7 2 17 20 10 1 15 18 14 11 3 16 8 18 4 5 0 12 17 9 1 12 7 9 11 3 2 15 20 15 3 0 20 1 6 7 4 19 14 11 17 19 18 10 15 0 1 2 4 5 16 6 12 11 18 13
4 8 16 1 5 10 14 2 9 18 5 10 17 7 9 0 4 3 2 19 8 0 3 16 7 13 12 9 15 3 11 14 12 8 1 17 1 6 18 4 19 5 10 9 8 16 2 17 3 9 13 12 5 6 17 7 11 18 6 1 9 15 0 15 1 14 5 13 4 17 6 11 14 11 4 15 17 3 19 0 16
16 0 18 11 17 12 14 7 4 11 15 1 4 8 18 16 12 3 14 3 9 15 7 10 6 4 0 15 13 10 2 5 8 1 3 7 8 5 12 9 13 7 15 17 16 1 6 11 16 14 17 13 9 5 17 4 3 6 1 0 11 18 2 6 1 0 7 2 15 4 5 12 0 9 13 3 10 14 18 2 8
8 10 15 11 4 1 0 6 3 4 7 6 17 10 13 14 9 12 11 0 12 13 6 15 7 10 14 7 13 16 3 1 10 17 0 8 3 15 7 2 16 8 11 5 10 9 8 17 6 14 5 4 1 16 5 11 0 1 8 17 9 12 2 13 14 5 7 2 12 6 15 17 2 9 3 15 17 14 10 11 4
14 9 16 1 8 13 10 0 12 16 15 3 4 10 9 8 11 1 1 7 11 12 13 4 6 16 9 13 5 15 2 16 10 14 7 11 10 2 8 6 4 11 15 9 13 4 11 1 15 9 3 5 8 0 6 14 13 8 11 12 0 10 2 5 8 6 0 3 2 11 1 7 0 3 12 13 7 16 4 2 5
11 0 12 7 6 13 14 4 9 2 9 4 1 11 12 5 3 15 3 11 10 6 15 2 4 8 1 12 8 15 3 7 0 6 13 4 15 5 0 8 1 11 2 14 10 8 10 1 13 14 4 9 11 0 5 13 8 4 9 1 7 10 6 10 2 7 11 8 14 13 15 3 14 1 6 0 5 9 12 7 13
12 9 10 2 11 13 7 14 0 6 5 4 1 12 0 8 3 10 11 13 9 3 8 1 6 5 2 0 3 7 14 2 4 9 1 12 8 6 2 12 10 11 14 7 4 1 4 5 8 14 6 10 2 3 9 10 1 4 13 2 3 12 6 4 12 8 7 3 10 11 13 5 14 7 3 0 5 9 12 8 11
13 6 11 0 9 1 8 3 4 10 9 2 8 4 3 0 1 7 1 8 0 3 12 7 11 9 13 7 13 12 4 1 2 3 0 8 3 2 7 13 10 8 1 6 5 0 10 8 9 2 6 5 4 11 9 11 5 6 8 4 2 12 3 5 12 10 2 13 0 6 7 9 6 4 3 1 7 5 10 11 12
1 9 11 5 3 7 4 2 6 3 5 7 2 10 0 1 12 9 10 11 4 1 5 8 2 6 0 2 12 9 10 6 1 11 4 5 5 0 2 7 11 10 8 3 1 11 8 5 4 1 12 0 7 2 7 10 0 3 9 4 6 11 12 0 3 12 11 7 5 10 9 8 8 4 10 6 12 9 7 0 3
10 0 5 6 4 11 7 3 2 9 7 10 3 0 8 4 5 1 2 3 11 8 1 10 0 9 4 0 5 6 9 11 7 2 1 8 1 2 4 0 3 5 10 7 9 5 6 7 11 8 2 1 4 3 3 8 9 10 6 4 5 2 11 6 10 3 5 9 0 11 8 7 8 4 0 2 7 1 9 10 6
6 8 3 5 4 9 1 7 10 7 10 0 6 8 2 4 5 9 5 4 1 2 9 3 8 0 7 3 7 10 8 5 4 2 1 6 8 6 4 1 2 7 5 9 0 1 5 8 3 6 0 10 2 4 0 2 7 4 10 5 9 6 8 10 1 5 9 7 8 0 4 3 9 3 2 0 1 10 6 8 5
6 8 3 5 4 9 1 7 10 7 10 0 6 8 2 4 5 9 5 4 1 2 9 3 8 0 7 3 7 10 8 5 4 2 1 6 8 6 4 1 2 7 5 9 0 1 5 8 3 6 0 10 2 4 0 2 7 4 10 5 9 6 8 10 1 5 9 7 8 0 4 3 9 3 2 0 1 10 6 8 5
