11 6 9 17 8 0 14 0 6 10 2 8 21 15 15 2 0 16 0 10 0 9 6 20 4 5 14 3 7 12 5 0 19 21 12 21 0 14 16 10 5 9 12 16 7 4 13
11 5 8 16 9 3 1 20 5 0 2 12 15 10 15 1 1 19 8 1 13 10 18 0 0 20 8 0 12 0 16 0 0 2 19 4 2 1 7 17 0 1 15 11 2 0 5
0 19 1 10 9 8 2 0 1 0 19 3 4 14 10 16 0 2 1 1 0 4 5 0 4 1 7 11 0 5 6 1 15 3 7 3 14 1 16 14 3 3 14 0 3 18 2
2 3 13 7 6 5 17 0 18 5 9 1 18 11 8 9 5 7 14 16 15 8 12 14 7 0 14 10 17 0 5 7 10 1 8 16 1 0 5 0 1 4 8 6 11 10 12
0 2 3 3 16 16 15 0 1 2 13 10 11 13 13 2 9 2 0 8 9 4 6 12 7 0 5 10 14 12 7 1 0 5 8 12 0 1 13 0 7 0 9 14 3 1 4
7 13 0 4 1 5 6 8 3 8 15 0 1 0 13 1 0 12 2 0 1 2 14 15 6 14 2 12 10 1 6 3 14 11 1 4 5 9 1 12 13 2 2 2 1 4 0
0 6 13 13 2 9 5 7 1 4 12 9 6 8 6 0 14 1 0 6 0 11 3 0 6 14 6 11 10 10 4 14 0 2 7 1 13 1 14 0 8 1 7 2 14 3 5
8 1 0 1 3 6 1 0 0 11 3 12 1 8 0 7 2 1 0 0 13 12 5 2 1 5 0 2 2 7 0 0 2 8 2 1 0 0 2 9 1 8 0 2 2 9 10
3 1 3 9 4 12 4 2 6 10 7 0 11 9 6 10 4 8 12 2 2 3 1 10 11 0 1 0 0 1 0 1 5 0 0 10 12 11 8 12 5 0 10 0 8 7 6
9 1 4 7 8 0 0 9 0 6 10 2 2 4 4 2 6 1 2 2 1 7 9 9 5 4 5 1 0 1 6 0 5 4 10 1 2 1 6 4 6 0 6 0 1 0 3
7 5 6 0 2 1 1 6 0 5 7 2 2 3 9 4 8 1 3 4 9 2 0 3 0 3 3 1 1 1 0 0 1 2 2 4 3 3 9 4 1 1 3 1 7 7 6
0 6 1 1 4 7 4 0 7 7 3 2 2 3 1 2 5 4 1 1 6 2 0 5 4 3 3 2 0 4 0 5 0 2 2 6 2 3 3 2 2 2 2 7 2 0 1
4 1 0 5 3 2 5 2 2 6 0 3 6 2 1 1 6 1 2 1 1 1 0 3 1 0 0 3 2 6 2 2 3 0 3 3 2 1 1 3 1 4 6 2 3 4 5
0 4 5 2 1 0 4 0 3 1 2 1 1 0 4 1 1 4 5 5 1 5 3 0 2 0 2 1 3 3 0 3 3 2 0 1 0 4 1 1 1 0 4 1 2 2 5
